map_icons_file version 1
170
player 0 player 0.150000 17 0.150000 0.173000 0.000000 0


player_horseman 0 player_horseman 0.150000 112 0.150000 0.173000 0.000000 0


gray_knight 0 knight_a 0.150000 112 0.150000 0.173000 0.000000 0


vaegir_knight 0 knight_b 0.150000 112 0.150000 0.173000 0.000000 0


flagbearer_a 0 flagbearer_a 0.150000 112 0.150000 0.173000 0.000000 0


flagbearer_b 0 flagbearer_b 0.150000 112 0.150000 0.173000 0.000000 0


peasant 0 peasant_a 0.150000 17 0.150000 0.173000 0.000000 0


khergit 0 khergit_horseman 0.150000 112 0.150000 0.173000 0.000000 0


khergit_horseman_b 0 khergit_horseman_b 0.150000 112 0.150000 0.173000 0.000000 0


axeman 0 bandit_a 0.150000 17 0.150000 0.173000 0.000000 0


woman 0 woman_a 0.150000 17 0.150000 0.173000 0.000000 0


woman_b 0 woman_b 0.150000 17 0.150000 0.173000 0.000000 0


dac_breton_knight 0 dac_breton_knight 0.150000 17 0.150000 0.173000 0.000000 0


dac_burgundian_knight 0 dac_burgundian_knight 0.150000 17 0.150000 0.173000 0.000000 0


dac_english_knight 0 dac_english_knight 0.150000 17 0.150000 0.173000 0.000000 0


dac_french_knight 0 dac_french_knight 0.150000 17 0.150000 0.173000 0.000000 0


dac_routier 0 dac_routier 0.150000 17 0.150000 0.173000 0.000000 0


dac_flayer 0 dac_flayer 0.150000 17 0.150000 0.173000 0.000000 0


dac_retondeur 0 dac_retondeur 0.150000 17 0.150000 0.173000 0.000000 0


dac_tard_venu 0 dac_tard_venu 0.150000 17 0.150000 0.173000 0.000000 0


dac_rebel_peasants 0 dac_rebel_peasants 0.150000 17 0.150000 0.173000 0.000000 0


dac_deserter 0 dac_deserter 0.150000 17 0.150000 0.173000 0.000000 0


town 1 icon_town_a 0.350000 0 0.000000 0.000000 0.000000 0


town_steppe 1 icon_town_b 0.350000 0 0.000000 0.000000 0.000000 0


town_desert 1 map_village_a 0.350000 0 0.000000 0.000000 0.000000 0


village_a 1 map_village_a 0.450000 0 0.000000 0.000000 0.000000 0


village_b 1 map_village_a 0.450000 0 0.000000 0.000000 0.000000 0


village_c 1 map_village_a 0.450000 0 0.000000 0.000000 0.000000 0


village_burnt_a 1 map_village_burnt_a 0.450000 0 0.000000 0.000000 0.000000 0


village_deserted_a 1 map_village_deserted_a 0.450000 0 0.000000 0.000000 0.000000 0


village_burnt_b 1 map_village_burnt_a 0.450000 0 0.000000 0.000000 0.000000 0


village_deserted_b 1 map_village_deserted_a 0.450000 0 0.000000 0.000000 0.000000 0


village_burnt_c 1 map_village_burnt_a 0.450000 0 0.000000 0.000000 0.000000 0


village_deserted_c 1 map_village_deserted_a 0.450000 0 0.000000 0.000000 0.000000 0


village_snow_a 1 map_village_a 0.450000 0 0.000000 0.000000 0.000000 0


village_snow_burnt_a 1 map_village_burnt_a 0.450000 0 0.000000 0.000000 0.000000 0


village_snow_deserted_a 1 map_village_deserted_a 0.450000 0 0.000000 0.000000 0.000000 0


camp 1 camp_tent 0.130000 0 0.000000 0.000000 0.000000 0


ship 1 boat_sail_on 0.230000 17 0.000000 0.050000 0.000000 0


ship_on_land 1 boat_sail_off 0.230000 0 0.000000 0.000000 0.000000 0


castle_a 1 icon_castle_a 0.350000 0 0.000000 0.000000 0.000000 0


castle_b 1 icon_castle_b 0.350000 0 0.000000 0.000000 0.000000 0


castle_c 1 icon_castle_c 0.350000 0 0.000000 0.000000 0.000000 0


castle_d 1 icon_castle_d 0.350000 0 0.000000 0.000000 0.000000 0


castle_e 1 icon_castle_e 0.350000 0 0.000000 0.000000 0.000000 0


castle_snow_a 1 icon_castle_a 0.350000 0 0.000000 0.000000 0.000000 0


castle_snow_b 1 icon_castle_b 0.350000 0 0.000000 0.000000 0.000000 0


mule 0 icon_mule 0.200000 17 0.150000 0.173000 0.000000 0


cattle 0 icon_cow 0.200000 17 0.150000 0.173000 0.000000 0


training_ground 1 training 0.350000 0 0.000000 0.000000 0.000000 0


bridge_a 1 map_river_bridge_a 1.000000 0 0.000000 0.000000 0.000000 0


bridge_b 1 map_river_bridge_b 1.000000 0 0.000000 0.000000 0.000000 0


bridge_snow_a 1 map_river_bridge_a 1.000000 0 0.000000 0.000000 0.000000 0


custom_banner_01 0 custom_map_banner_01 0.300000 0 0.000000 0.000000 0.000000 1
-70.000000  6 2071 1 1224979098644774912 521 3 1224979098644774913 1224979098644774912 7 4 0 30 2 1224979098644774913 0 1983 2 1729382256910270510 1224979098644774913 3 0 


custom_banner_02 0 custom_map_banner_02 0.300000 0 0.000000 0.000000 0.000000 1
-70.000000  6 2071 1 1224979098644774912 521 3 1224979098644774913 1224979098644774912 7 4 0 30 2 1224979098644774913 0 1983 2 1729382256910270511 1224979098644774913 3 0 


custom_banner_03 0 custom_map_banner_03 0.300000 0 0.000000 0.000000 0.000000 1
-70.000000  6 2071 1 1224979098644774912 521 3 1224979098644774913 1224979098644774912 7 4 0 30 2 1224979098644774913 0 1983 2 1729382256910270509 1224979098644774913 3 0 


map_flag_a01 0 map_flag_a01 0.300000 0 0.000000 0.000000 0.000000 0


map_flag_a02 0 map_flag_a02 0.300000 0 0.000000 0.000000 0.000000 0


map_flag_a03 0 map_flag_a03 0.300000 0 0.000000 0.000000 0.000000 0


map_flag_a04 0 map_flag_a04 0.300000 0 0.000000 0.000000 0.000000 0


map_flag_a05 0 map_flag_a05 0.300000 0 0.000000 0.000000 0.000000 0


map_flag_a06 0 map_flag_a06 0.300000 0 0.000000 0.000000 0.000000 0


map_flag_a07 0 map_flag_a07 0.300000 0 0.000000 0.000000 0.000000 0


map_flag_a08 0 map_flag_a08 0.300000 0 0.000000 0.000000 0.000000 0


map_flag_a09 0 map_flag_a09 0.300000 0 0.000000 0.000000 0.000000 0


map_flag_a10 0 map_flag_a10 0.300000 0 0.000000 0.000000 0.000000 0


map_flag_a11 0 map_flag_a11 0.300000 0 0.000000 0.000000 0.000000 0


map_flag_a12 0 map_flag_a12 0.300000 0 0.000000 0.000000 0.000000 0


map_flag_a13 0 map_flag_a13 0.300000 0 0.000000 0.000000 0.000000 0


map_flag_a14 0 map_flag_a14 0.300000 0 0.000000 0.000000 0.000000 0


map_flag_a15 0 map_flag_a15 0.300000 0 0.000000 0.000000 0.000000 0


map_flag_a16 0 map_flag_a16 0.300000 0 0.000000 0.000000 0.000000 0


map_flag_a17 0 map_flag_a17 0.300000 0 0.000000 0.000000 0.000000 0


map_flag_a18 0 map_flag_a18 0.300000 0 0.000000 0.000000 0.000000 0


map_flag_a19 0 map_flag_a19 0.300000 0 0.000000 0.000000 0.000000 0


map_flag_a20 0 map_flag_a20 0.300000 0 0.000000 0.000000 0.000000 0


map_flag_a21 0 map_flag_a21 0.300000 0 0.000000 0.000000 0.000000 0


map_flag_b01 0 map_flag_b01 0.300000 0 0.000000 0.000000 0.000000 0


map_flag_b02 0 map_flag_b02 0.300000 0 0.000000 0.000000 0.000000 0


map_flag_b03 0 map_flag_b03 0.300000 0 0.000000 0.000000 0.000000 0


map_flag_b04 0 map_flag_b04 0.300000 0 0.000000 0.000000 0.000000 0


map_flag_b05 0 map_flag_b05 0.300000 0 0.000000 0.000000 0.000000 0


map_flag_b06 0 map_flag_b06 0.300000 0 0.000000 0.000000 0.000000 0


map_flag_b07 0 map_flag_b07 0.300000 0 0.000000 0.000000 0.000000 0


map_flag_b08 0 map_flag_b08 0.300000 0 0.000000 0.000000 0.000000 0


map_flag_b09 0 map_flag_b09 0.300000 0 0.000000 0.000000 0.000000 0


map_flag_b10 0 map_flag_b10 0.300000 0 0.000000 0.000000 0.000000 0


map_flag_b11 0 map_flag_b11 0.300000 0 0.000000 0.000000 0.000000 0


map_flag_b12 0 map_flag_b12 0.300000 0 0.000000 0.000000 0.000000 0


map_flag_b13 0 map_flag_b13 0.300000 0 0.000000 0.000000 0.000000 0


map_flag_b14 0 map_flag_b14 0.300000 0 0.000000 0.000000 0.000000 0


map_flag_b15 0 map_flag_b15 0.300000 0 0.000000 0.000000 0.000000 0


map_flag_b16 0 map_flag_b16 0.300000 0 0.000000 0.000000 0.000000 0


map_flag_b17 0 map_flag_b17 0.300000 0 0.000000 0.000000 0.000000 0


map_flag_b18 0 map_flag_b18 0.300000 0 0.000000 0.000000 0.000000 0


map_flag_b19 0 map_flag_b19 0.300000 0 0.000000 0.000000 0.000000 0


map_flag_b20 0 map_flag_b20 0.300000 0 0.000000 0.000000 0.000000 0


map_flag_b21 0 map_flag_b21 0.300000 0 0.000000 0.000000 0.000000 0


map_flag_c01 0 map_flag_c01 0.300000 0 0.000000 0.000000 0.000000 0


map_flag_c02 0 map_flag_c02 0.300000 0 0.000000 0.000000 0.000000 0


map_flag_c03 0 map_flag_c03 0.300000 0 0.000000 0.000000 0.000000 0


map_flag_c04 0 map_flag_c04 0.300000 0 0.000000 0.000000 0.000000 0


map_flag_c05 0 map_flag_c05 0.300000 0 0.000000 0.000000 0.000000 0


map_flag_c06 0 map_flag_c06 0.300000 0 0.000000 0.000000 0.000000 0


map_flag_c07 0 map_flag_c07 0.300000 0 0.000000 0.000000 0.000000 0


map_flag_c08 0 map_flag_c08 0.300000 0 0.000000 0.000000 0.000000 0


map_flag_c09 0 map_flag_c09 0.300000 0 0.000000 0.000000 0.000000 0


map_flag_c10 0 map_flag_c10 0.300000 0 0.000000 0.000000 0.000000 0


map_flag_c11 0 map_flag_c11 0.300000 0 0.000000 0.000000 0.000000 0


map_flag_c12 0 map_flag_c12 0.300000 0 0.000000 0.000000 0.000000 0


map_flag_c13 0 map_flag_c13 0.300000 0 0.000000 0.000000 0.000000 0


map_flag_c14 0 map_flag_c14 0.300000 0 0.000000 0.000000 0.000000 0


map_flag_c15 0 map_flag_c15 0.300000 0 0.000000 0.000000 0.000000 0


map_flag_c16 0 map_flag_c16 0.300000 0 0.000000 0.000000 0.000000 0


map_flag_c17 0 map_flag_c17 0.300000 0 0.000000 0.000000 0.000000 0


map_flag_c18 0 map_flag_c18 0.300000 0 0.000000 0.000000 0.000000 0


map_flag_c19 0 map_flag_c19 0.300000 0 0.000000 0.000000 0.000000 0


map_flag_c20 0 map_flag_c20 0.300000 0 0.000000 0.000000 0.000000 0


map_flag_c21 0 map_flag_c21 0.300000 0 0.000000 0.000000 0.000000 0


map_flag_d01 0 map_flag_d01 0.300000 0 0.000000 0.000000 0.000000 0


map_flag_d02 0 map_flag_d02 0.300000 0 0.000000 0.000000 0.000000 0


map_flag_d03 0 map_flag_d03 0.300000 0 0.000000 0.000000 0.000000 0


map_flag_d04 0 map_flag_d04 0.300000 0 0.000000 0.000000 0.000000 0


map_flag_d05 0 map_flag_d05 0.300000 0 0.000000 0.000000 0.000000 0


map_flag_d06 0 map_flag_d06 0.300000 0 0.000000 0.000000 0.000000 0


map_flag_d07 0 map_flag_d07 0.300000 0 0.000000 0.000000 0.000000 0


map_flag_d08 0 map_flag_d08 0.300000 0 0.000000 0.000000 0.000000 0


map_flag_d09 0 map_flag_d09 0.300000 0 0.000000 0.000000 0.000000 0


map_flag_d10 0 map_flag_d10 0.300000 0 0.000000 0.000000 0.000000 0


map_flag_d11 0 map_flag_d11 0.300000 0 0.000000 0.000000 0.000000 0


map_flag_d12 0 map_flag_d12 0.300000 0 0.000000 0.000000 0.000000 0


map_flag_d13 0 map_flag_d13 0.300000 0 0.000000 0.000000 0.000000 0


map_flag_d14 0 map_flag_d14 0.300000 0 0.000000 0.000000 0.000000 0


map_flag_d15 0 map_flag_d15 0.300000 0 0.000000 0.000000 0.000000 0


map_flag_d16 0 map_flag_d16 0.300000 0 0.000000 0.000000 0.000000 0


map_flag_d17 0 map_flag_d17 0.300000 0 0.000000 0.000000 0.000000 0


map_flag_d18 0 map_flag_d18 0.300000 0 0.000000 0.000000 0.000000 0


map_flag_e01 0 map_flag_e01 0.300000 0 0.000000 0.000000 0.000000 0


map_flag_e02 0 map_flag_e02 0.300000 0 0.000000 0.000000 0.000000 0


map_flag_e03 0 map_flag_e03 0.300000 0 0.000000 0.000000 0.000000 0


map_flag_e04 0 map_flag_e04 0.300000 0 0.000000 0.000000 0.000000 0


map_flag_e05 0 map_flag_e05 0.300000 0 0.000000 0.000000 0.000000 0


map_flag_e06 0 map_flag_e06 0.300000 0 0.000000 0.000000 0.000000 0


map_flag_e07 0 map_flag_e07 0.300000 0 0.000000 0.000000 0.000000 0


map_flag_e08 0 map_flag_e08 0.300000 0 0.000000 0.000000 0.000000 0


map_flag_e09 0 map_flag_e09 0.300000 0 0.000000 0.000000 0.000000 0


map_flag_e10 0 map_flag_e10 0.300000 0 0.000000 0.000000 0.000000 0


map_flag_e11 0 map_flag_e11 0.300000 0 0.000000 0.000000 0.000000 0


map_flag_e12 0 map_flag_e12 0.300000 0 0.000000 0.000000 0.000000 0


map_flag_e13 0 map_flag_e13 0.300000 0 0.000000 0.000000 0.000000 0


map_flag_e14 0 map_flag_e14 0.300000 0 0.000000 0.000000 0.000000 0


map_flag_f01 0 map_flag_f01 0.300000 0 0.000000 0.000000 0.000000 0


map_flag_f02 0 map_flag_f02 0.300000 0 0.000000 0.000000 0.000000 0


map_flag_f03 0 map_flag_f03 0.300000 0 0.000000 0.000000 0.000000 0


map_flag_f04 0 map_flag_f04 0.300000 0 0.000000 0.000000 0.000000 0


map_flag_f05 0 map_flag_f05 0.300000 0 0.000000 0.000000 0.000000 0


map_flag_f06 0 map_flag_f06 0.300000 0 0.000000 0.000000 0.000000 0


map_flag_f07 0 map_flag_f07 0.300000 0 0.000000 0.000000 0.000000 0


map_flag_f08 0 map_flag_f08 0.300000 0 0.000000 0.000000 0.000000 0


map_flag_f09 0 map_flag_f09 0.300000 0 0.000000 0.000000 0.000000 0


map_flag_f10 0 map_flag_f10 0.300000 0 0.000000 0.000000 0.000000 0


map_flag_f11 0 map_flag_f11 0.300000 0 0.000000 0.000000 0.000000 0


map_flag_f12 0 map_flag_f12 0.300000 0 0.000000 0.000000 0.000000 0


map_flag_f13 0 map_flag_f13 0.300000 0 0.000000 0.000000 0.000000 0


map_flag_kingdom_a 0 map_flag_kingdom_a 0.300000 0 0.000000 0.000000 0.000000 0


map_flag_kingdom_b 0 map_flag_kingdom_b 0.300000 0 0.000000 0.000000 0.000000 0


map_flag_kingdom_c 0 map_flag_kingdom_c 0.300000 0 0.000000 0.000000 0.000000 0


map_flag_kingdom_d 0 map_flag_kingdom_d 0.300000 0 0.000000 0.000000 0.000000 0


map_flag_f14 0 map_flag_f14 0.300000 0 0.000000 0.000000 0.000000 0


bandit_lair 1 map_bandit_lair 0.450000 0 0.000000 0.000000 0.000000 0


