partiesfile version 1
457 457
 1 0 0 p_main_party Main_Party 1048576 0 0 13 0 0 0 0 0 16.340000 -62.880000 16.340000 -62.880000 16.340000 -62.880000 0.0 1 0 1 0 0 
0.000000
 1 1 1 p_temp_party {!}temp_party 256 0 0 1 0 0 0 0 0 0.000000 0.000000 0.000000 0.000000 0.000000 0.000000 0.0 0 
0.000000
 1 2 2 p_camp_bandits {!}camp_bandits 256 0 0 2 0 0 0 0 0 1.000000 1.000000 1.000000 1.000000 1.000000 1.000000 0.0 1 3 3 0 0 
0.000000
 1 3 3 p_temp_party_2 {!}temp_party_2 256 0 0 1 0 0 0 0 0 0.000000 0.000000 0.000000 0.000000 0.000000 0.000000 0.0 0 
0.000000
 1 4 4 p_temp_casualties {!}casualties 256 0 0 3 0 0 0 0 0 1.000000 1.000000 1.000000 1.000000 1.000000 1.000000 0.0 0 
0.000000
 1 5 5 p_temp_casualties_2 {!}casualties 256 0 0 3 0 0 0 0 0 1.000000 1.000000 1.000000 1.000000 1.000000 1.000000 0.0 0 
0.000000
 1 6 6 p_temp_casualties_3 {!}casualties 256 0 0 3 0 0 0 0 0 1.000000 1.000000 1.000000 1.000000 1.000000 1.000000 0.0 0 
0.000000
 1 7 7 p_temp_wounded {!}enemies_wounded 256 0 0 3 0 0 0 0 0 1.000000 1.000000 1.000000 1.000000 1.000000 1.000000 0.0 0 
0.000000
 1 8 8 p_temp_killed {!}enemies_killed 256 0 0 3 0 0 0 0 0 1.000000 1.000000 1.000000 1.000000 1.000000 1.000000 0.0 0 
0.000000
 1 9 9 p_main_party_backup {!}_ 256 0 0 3 0 0 0 0 0 1.000000 1.000000 1.000000 1.000000 1.000000 1.000000 0.0 0 
0.000000
 1 10 10 p_encountered_party_backup {!}_ 256 0 0 3 0 0 0 0 0 1.000000 1.000000 1.000000 1.000000 1.000000 1.000000 0.0 0 
0.000000
 1 11 11 p_collective_friends_backup {!}_ 256 0 0 3 0 0 0 0 0 1.000000 1.000000 1.000000 1.000000 1.000000 1.000000 0.0 0 
0.000000
 1 12 12 p_player_casualties {!}_ 256 0 0 3 0 0 0 0 0 1.000000 1.000000 1.000000 1.000000 1.000000 1.000000 0.0 0 
0.000000
 1 13 13 p_enemy_casualties {!}_ 256 0 0 3 0 0 0 0 0 1.000000 1.000000 1.000000 1.000000 1.000000 1.000000 0.0 0 
0.000000
 1 14 14 p_ally_casualties {!}_ 256 0 0 3 0 0 0 0 0 1.000000 1.000000 1.000000 1.000000 1.000000 1.000000 0.0 0 
0.000000
 1 15 15 p_collective_enemy {!}collective_enemy 256 0 0 3 0 0 0 0 0 1.000000 1.000000 1.000000 1.000000 1.000000 1.000000 0.0 0 
0.000000
 1 16 16 p_collective_ally {!}collective_ally 256 0 0 3 0 0 0 0 0 1.000000 1.000000 1.000000 1.000000 1.000000 1.000000 0.0 0 
0.000000
 1 17 17 p_collective_friends {!}collective_ally 256 0 0 3 0 0 0 0 0 1.000000 1.000000 1.000000 1.000000 1.000000 1.000000 0.0 0 
0.000000
 1 18 18 p_total_enemy_casualties {!}_ 256 0 0 3 0 0 0 0 0 1.000000 1.000000 1.000000 1.000000 1.000000 1.000000 0.0 0 
0.000000
 1 19 19 p_routed_enemies {!}routed_enemies 256 0 0 3 0 0 0 0 0 1.000000 1.000000 1.000000 1.000000 1.000000 1.000000 0.0 0 
0.000000
 1 20 20 p_zendar Zendar 2114838 0 0 3 0 0 0 0 0 18.000000 60.000000 18.000000 60.000000 18.000000 60.000000 0.0 0 
0.000000
 1 21 21 p_town_1 Bourges 4219927 0 0 3 0 0 0 0 0 34.920000 -5.560000 34.920000 -5.560000 34.920000 -5.560000 0.0 0 
2.984514
 1 22 22 p_town_2 Orléans 4219927 0 0 3 0 0 0 0 0 26.490000 29.310000 26.490000 29.310000 26.490000 29.310000 0.0 0 
1.535890
 1 23 23 p_town_3 Tours 4219926 0 0 3 0 0 0 0 0 -8.240000 3.300000 -8.240000 3.300000 -8.240000 3.300000 0.0 0 
0.226893
 1 24 24 p_town_4 Poitiers 4219926 0 0 3 0 0 0 0 0 -31.440000 -30.130000 -31.440000 -30.130000 -31.440000 -30.130000 0.0 0 
6.213375
 1 25 25 p_town_5 La_Rochelle 4219926 0 0 3 0 0 0 0 0 -58.950000 -40.810000 -58.950000 -40.810000 -58.950000 -40.810000 0.0 0 
5.637416
 1 26 26 p_town_6 Clermont 4219926 0 0 3 0 0 0 0 0 52.970000 -42.830000 52.970000 -42.830000 52.970000 -42.830000 0.0 0 
4.066619
 1 27 27 p_town_7 Moulins 4219926 0 0 3 0 0 0 0 0 56.470000 -17.530000 56.470000 -17.530000 56.470000 -17.530000 0.0 0 
5.480336
 1 28 28 p_town_8 Aurillac 4219926 0 0 3 0 0 0 0 0 26.690000 -103.170000 26.690000 -103.170000 26.690000 -103.170000 0.0 0 
4.660031
 1 29 29 p_town_9 Lyon 4219926 0 0 3 0 0 0 0 0 114.400000 -38.870000 114.400000 -38.870000 114.400000 -38.870000 0.0 0 
1.745330
 1 30 30 p_town_10 Le_Puy 4219926 0 0 3 0 0 0 0 0 85.310000 -85.000000 85.310000 -85.000000 85.310000 -85.000000 0.0 0 
5.078910
 1 31 31 p_town_11 Cahors 4219926 0 0 3 0 0 0 0 0 2.530000 -112.390000 2.530000 -112.390000 2.530000 -112.390000 0.0 0 
1.186824
 1 32 32 p_town_12 Rodez 4219926 0 0 3 0 0 0 0 0 30.360000 -116.770000 30.360000 -116.770000 30.360000 -116.770000 0.0 0 
5.096364
 1 33 33 p_town_13 Lectoure 4219926 0 0 3 0 0 0 0 0 -11.600000 -126.260000 -11.600000 -126.260000 -11.600000 -126.260000 0.0 0 
0.715585
 1 34 34 p_town_14 Tarbes 4219926 0 0 3 0 0 0 0 0 -29.020000 -148.180000 -29.020000 -148.180000 -29.020000 -148.180000 0.0 0 
0.401426
 1 35 35 p_town_15 Toulouse 4219927 0 0 3 0 0 0 0 0 4.540000 -130.450000 4.540000 -130.450000 4.540000 -130.450000 0.0 0 
4.660031
 1 36 36 p_town_16 Carcassonne 4219926 0 0 3 0 0 0 0 0 25.320000 -140.380000 25.320000 -140.380000 25.320000 -140.380000 0.0 0 
1.605704
 1 37 37 p_town_17 Montpellier 4219926 0 0 3 0 0 0 0 0 56.050000 -130.760000 56.050000 -130.760000 56.050000 -130.760000 0.0 0 
0.349066
 1 38 38 p_town_18 Valence 4219926 0 0 3 0 0 0 0 0 118.640000 -75.910000 118.640000 -75.910000 118.640000 -75.910000 0.0 0 
1.780237
 1 39 39 p_town_19 Thouars 4219926 0 0 3 0 0 0 0 0 -48.830000 -10.320000 -48.830000 -10.320000 -48.830000 -10.320000 0.0 0 
4.817111
 1 40 40 p_town_20 Tournai 4219926 0 0 3 0 0 0 0 0 71.210000 127.070000 71.210000 127.070000 71.210000 127.070000 0.0 0 
2.426009
 1 41 41 p_town_21 Gien 4219926 0 0 3 0 0 0 0 0 44.020000 18.150000 44.020000 18.150000 44.020000 18.150000 0.0 0 
5.567603
 1 42 42 p_town_22 Montargis-le-Franc 4219926 0 0 3 0 0 0 0 0 49.830000 33.710000 49.830000 33.710000 49.830000 33.710000 0.0 0 
0.750492
 1 43 43 p_town_23 Albret 4219926 0 0 3 0 0 0 0 0 -45.210000 -122.180000 -45.210000 -122.180000 -45.210000 -122.180000 0.0 0 
3.630286
 1 44 44 p_town_24 Bergerac 4219926 0 0 3 0 0 0 0 0 -12.940000 -98.320000 -12.940000 -98.320000 -12.940000 -98.320000 0.0 0 
5.846856
 1 45 45 p_town_25 Périgueux 4219926 0 0 3 0 0 0 0 0 -12.590000 -78.000000 -12.590000 -78.000000 -12.590000 -78.000000 0.0 0 
3.316127
 1 46 46 p_town_26 Angoulême 4219926 0 0 3 0 0 0 0 0 -37.970000 -64.350000 -37.970000 -64.350000 -37.970000 -64.350000 0.0 0 
4.188792
 1 47 47 p_town_27 Limoges 4219926 0 0 3 0 0 0 0 0 -1.060000 -51.490000 -1.060000 -51.490000 -1.060000 -51.490000 0.0 0 
4.694938
 1 48 48 p_town_28 Angers 4219926 0 0 3 0 0 0 0 0 -46.280000 13.610000 -46.280000 13.610000 -46.280000 13.610000 0.0 0 
5.881762
 1 49 49 p_town_29 Foix 4219926 0 0 3 0 0 0 0 0 6.590000 -149.000000 6.590000 -149.000000 6.590000 -149.000000 0.0 0 
4.886924
 1 50 50 p_town_30 Paris 4219927 0 0 3 0 0 0 0 0 30.810000 75.010000 30.810000 75.010000 30.810000 75.010000 0.0 0 
5.550149
 1 51 51 p_town_31 Bayonne 4219926 0 0 3 0 0 0 0 0 -73.800000 -141.970000 -73.800000 -141.970000 -73.800000 -141.970000 0.0 0 
4.049166
 1 52 52 p_town_32 Nemours 4219926 0 0 3 0 0 0 0 0 52.630000 51.800000 52.630000 51.800000 52.630000 51.800000 0.0 0 
0.052360
 1 53 53 p_town_33 Laval 4219926 0 0 3 0 0 0 0 0 -44.390000 44.140000 -44.390000 44.140000 -44.390000 44.140000 0.0 0 
3.787366
 1 54 54 p_town_34 Le_Mans 4219926 0 0 3 0 0 0 0 0 -17.980000 39.050000 -17.980000 39.050000 -17.980000 39.050000 0.0 0 
2.635448
 1 55 55 p_town_35 Bordeaux 4219926 0 0 3 0 0 0 0 0 -44.240000 -104.720000 -44.240000 -104.720000 -44.240000 -104.720000 0.0 0 
2.216569
 1 56 56 p_town_36 Chartres 4219926 0 0 3 0 0 0 0 0 19.960000 52.740000 19.960000 52.740000 19.960000 52.740000 0.0 0 
0.663225
 1 57 57 p_town_37 Rouen 4219926 0 0 3 0 0 0 0 0 1.020000 92.180000 1.020000 92.180000 1.020000 92.180000 0.0 0 
2.530729
 1 58 58 p_town_38 Caen 4219926 0 0 3 0 0 0 0 0 -34.720000 90.020000 -34.720000 90.020000 -34.720000 90.020000 0.0 0 
3.769913
 1 59 59 p_town_39 Harfleur 4219926 0 0 3 0 0 0 0 0 -32.860000 100.660000 -32.860000 100.660000 -32.860000 100.660000 0.0 0 
5.288350
 1 60 60 p_town_40 Cherbourg 4219926 0 0 3 0 0 0 0 0 -68.670000 118.740000 -68.670000 118.740000 -68.670000 118.740000 0.0 0 
3.298674
 1 61 61 p_town_41 Bayeux 4219926 0 0 3 0 0 0 0 0 -49.440000 95.730000 -49.440000 95.730000 -49.440000 95.730000 0.0 0 
3.385940
 1 62 62 p_town_42 Calais 4219926 0 0 3 0 0 0 0 0 26.750000 147.180000 26.750000 147.180000 26.750000 147.180000 0.0 0 
3.368487
 1 63 63 p_town_43 Alençon 4219926 0 0 3 0 0 0 0 0 -18.000000 55.510000 -18.000000 55.510000 -18.000000 55.510000 0.0 0 
3.926993
 1 64 64 p_town_44 Argentan 4219926 0 0 3 0 0 0 0 0 -25.300000 66.170000 -25.300000 66.170000 -25.300000 66.170000 0.0 0 
3.926993
 1 65 65 p_town_45 Tartas 4219926 0 0 3 0 0 0 0 0 -49.610000 -132.040000 -49.610000 -132.040000 -49.610000 -132.040000 0.0 0 
3.490660
 1 66 66 p_town_46 Dax 4219926 0 0 3 0 0 0 0 0 -58.640000 -135.790000 -58.640000 -135.790000 -58.640000 -135.790000 0.0 0 
4.468045
 1 67 67 p_town_47 Libourne 4219926 0 0 3 0 0 0 0 0 -29.630000 -96.650000 -29.630000 -96.650000 -29.630000 -96.650000 0.0 0 
3.857179
 1 68 68 p_town_48 Saint-Lô 4219926 0 0 3 0 0 0 0 0 -59.660000 92.080000 -59.660000 92.080000 -59.660000 92.080000 0.0 0 
3.839726
 1 69 69 p_town_49 Eu 4219926 0 0 3 0 0 0 0 0 6.200000 117.570000 6.200000 117.570000 6.200000 117.570000 0.0 0 
0.837758
 1 70 70 p_town_50 Avranches 4219926 0 0 3 0 0 0 0 0 -62.460000 72.940000 -62.460000 72.940000 -62.460000 72.940000 0.0 0 
3.926993
 1 71 71 p_town_51 Coutances 4219926 0 0 3 0 0 0 0 0 -68.980000 88.290000 -68.980000 88.290000 -68.980000 88.290000 0.0 0 
4.729844
 1 72 72 p_town_52 Dijon 4219926 0 0 3 0 0 0 0 0 109.330000 15.280000 109.330000 15.280000 109.330000 15.280000 0.0 0 
4.223699
 1 73 73 p_town_53 Besançon 4219926 0 0 3 0 0 0 0 0 140.920000 10.740000 140.920000 10.740000 140.920000 10.740000 0.0 0 
2.303836
 1 74 74 p_town_54 Nevers 4219926 0 0 3 0 0 0 0 0 72.580000 -9.080000 72.580000 -9.080000 72.580000 -9.080000 0.0 0 
1.588250
 1 75 75 p_town_55 Auxerre 4219926 0 0 3 0 0 0 0 0 83.050000 20.620000 83.050000 20.620000 83.050000 20.620000 0.0 0 
2.234022
 1 76 76 p_town_56 Troyes 4219926 0 0 3 0 0 0 0 0 93.710000 49.030000 93.710000 49.030000 93.710000 49.030000 0.0 0 
5.270897
 1 77 77 p_town_57 Compiègne 4219926 0 0 3 0 0 0 0 0 49.380000 92.000000 49.380000 92.000000 49.380000 92.000000 0.0 0 
0.209440
 1 78 78 p_town_58 Bruges 4219926 0 0 3 0 0 0 0 0 68.640000 146.380000 68.640000 146.380000 68.640000 146.380000 0.0 0 
3.804819
 1 79 79 p_town_59 Gand 4219926 0 0 3 0 0 0 0 0 82.100000 140.470000 82.100000 140.470000 82.100000 140.470000 0.0 0 
1.692970
 1 80 80 p_town_60 Malines 4219926 0 0 3 0 0 0 0 0 101.370000 141.870000 101.370000 141.870000 101.370000 141.870000 0.0 0 
3.961899
 1 81 81 p_town_61 Boulogne 4219926 0 0 3 0 0 0 0 0 18.990000 133.680000 18.990000 133.680000 18.990000 133.680000 0.0 0 
0.907572
 1 82 82 p_town_62 Châlons-en-Champagne 4219926 0 0 3 0 0 0 0 0 103.620000 76.410000 103.620000 76.410000 103.620000 76.410000 0.0 0 
3.647740
 1 83 83 p_town_63 Reims 4219926 0 0 3 0 0 0 0 0 82.190000 88.610000 82.190000 88.610000 82.190000 88.610000 0.0 0 
5.288350
 1 84 84 p_town_64 Amiens 4219926 0 0 3 0 0 0 0 0 40.440000 108.180000 40.440000 108.180000 40.440000 108.180000 0.0 0 
4.956737
 1 85 85 p_town_65 Péronne 4219926 0 0 3 0 0 0 0 0 62.450000 108.320000 62.450000 108.320000 62.450000 108.320000 0.0 0 
6.021389
 1 86 86 p_town_66 Rennes 4219927 0 0 3 0 0 0 0 0 -66.540000 46.770000 -66.540000 46.770000 -66.540000 46.770000 0.0 0 
3.351034
 1 87 87 p_town_67 Nantes 4219926 0 0 3 0 0 0 0 0 -69.760000 13.390000 -69.760000 13.390000 -69.760000 13.390000 0.0 0 
4.852017
 1 88 88 p_town_68 Vannes 4219926 0 0 3 0 0 0 0 0 -91.030000 29.520000 -91.030000 29.520000 -91.030000 29.520000 0.0 0 
0.226893
 1 89 89 p_town_69 Kemper 4219926 0 0 3 0 0 0 0 0 -132.030000 50.660000 -132.030000 50.660000 -132.030000 50.660000 0.0 0 
3.682646
 1 90 90 p_town_70 Saint-Malo 4219926 0 0 3 0 0 0 0 0 -82.750000 68.660000 -82.750000 68.660000 -82.750000 68.660000 0.0 0 
6.178468
 1 91 91 p_town_71 Saint-Brieuc 4219926 0 0 3 0 0 0 0 0 -95.420000 66.420000 -95.420000 66.420000 -95.420000 66.420000 0.0 0 
2.670355
 1 92 92 p_town_72 Saint-Pol-de-Léon 4219926 0 0 3 0 0 0 0 0 -127.390000 76.050000 -127.390000 76.050000 -127.390000 76.050000 0.0 0 
5.689776
 1 93 93 p_town_73 Rohan 4219926 0 0 3 0 0 0 0 0 -100.980000 53.810000 -100.980000 53.810000 -100.980000 53.810000 0.0 0 
0.471239
 1 94 94 p_castle_1 Forteresse_de_Chinon 4219944 0 0 3 0 0 0 0 0 -16.250000 -3.670000 -16.250000 -3.670000 -16.250000 -3.670000 0.0 0 
5.340710
 1 95 95 p_castle_2 Châteauroux 4219944 0 0 3 0 0 0 0 0 18.830000 -15.040000 18.830000 -15.040000 18.830000 -15.040000 0.0 0 
0.977385
 1 96 96 p_castle_3 Château_de_Niort 4219944 0 0 3 0 0 0 0 0 -43.960000 -35.400000 -43.960000 -35.400000 -43.960000 -35.400000 0.0 0 
4.450592
 1 97 97 p_castle_4 La_Tour_de_Termes 4219944 0 0 3 0 0 0 0 0 -13.950000 -134.850000 -13.950000 -134.850000 -13.950000 -134.850000 0.0 0 
3.665193
 1 98 98 p_castle_5 Château_de_Murol 4219944 0 0 3 0 0 0 0 0 55.120000 -62.970000 55.120000 -62.970000 55.120000 -62.970000 0.0 0 
4.886924
 1 99 99 p_castle_6 Château_de_Polignac 4219944 0 0 3 0 0 0 0 0 80.030000 -81.040000 80.030000 -81.040000 80.030000 -81.040000 0.0 0 
0.523599
 1 100 100 p_castle_7 Château_de_Culant 4219944 0 0 3 0 0 0 0 0 43.690000 -23.410000 43.690000 -23.410000 43.690000 -23.410000 0.0 0 
0.052360
 1 101 101 p_castle_8 Château_de_Chaumont 4219944 0 0 3 0 0 0 0 0 4.940000 15.890000 4.940000 15.890000 4.940000 15.890000 0.0 0 
1.169371
 1 102 102 p_castle_9 Château_de_Boussac 4219944 0 0 3 0 0 0 0 0 36.900000 -31.400000 36.900000 -31.400000 36.900000 -31.400000 0.0 0 
1.117011
 1 103 103 p_castle_10 Yèvre-le-Châtel 4219944 0 0 3 0 0 0 0 0 31.180000 44.270000 31.180000 44.270000 31.180000 44.270000 0.0 0 
3.647740
 1 104 104 p_castle_11 Château_de_La_Fayette 4219944 0 0 3 0 0 0 0 0 85.490000 -57.990000 85.490000 -57.990000 85.490000 -57.990000 0.0 0 
4.974191
 1 105 105 p_castle_12 La_Tour_d'Auvergne 4219944 0 0 3 0 0 0 0 0 43.770000 -55.360000 43.770000 -55.360000 43.770000 -55.360000 0.0 0 
4.694938
 1 106 106 p_castle_13 Château_de_Charlus 4219944 0 0 3 0 0 0 0 0 31.550000 -57.430000 31.550000 -57.430000 31.550000 -57.430000 0.0 0 
0.802852
 1 107 107 p_castle_14 Château_de_Sancerre 4219944 0 0 3 0 0 0 0 0 50.570000 6.350000 50.570000 6.350000 50.570000 6.350000 0.0 0 
4.677484
 1 108 108 p_castle_15 Castelnau_Tursan 4219944 0 0 3 0 0 0 0 0 -33.550000 -136.670000 -33.550000 -136.670000 -33.550000 -136.670000 0.0 0 
1.884956
 1 109 109 p_castle_16 Forteresse_d'Auch 4219944 0 0 3 0 0 0 0 0 1.170000 -137.730000 1.170000 -137.730000 1.170000 -137.730000 0.0 0 
0.122173
 1 110 110 p_castle_17 Mont-St-Michel 4219944 0 0 3 0 0 0 0 0 -66.160000 67.250000 -66.160000 67.250000 -66.160000 67.250000 0.0 0 
3.438300
 1 111 111 p_castle_18 Château_de_Turenne 4219944 0 0 3 0 0 0 0 0 14.080000 -99.320000 14.080000 -99.320000 14.080000 -99.320000 0.0 0 
6.283188
 1 112 112 p_castle_19 Sévérac-le-Château 4219944 0 0 3 0 0 0 0 0 40.470000 -121.120000 40.470000 -121.120000 40.470000 -121.120000 0.0 0 
5.270897
 1 113 113 p_castle_20 Château_de_Saint_Germain_Beaupré 4219944 0 0 3 0 0 0 0 0 16.400000 -33.140000 16.400000 -33.140000 16.400000 -33.140000 0.0 0 
3.752460
 1 114 114 p_castle_21 Château_de_Virieu 4219944 0 0 3 0 0 0 0 0 124.620000 -47.900000 124.620000 -47.900000 124.620000 -47.900000 0.0 0 
2.705262
 1 115 115 p_castle_22 Château_de_La_Palice 4219944 0 0 3 0 0 0 0 0 64.900000 -24.700000 64.900000 -24.700000 64.900000 -24.700000 0.0 0 
1.500984
 1 116 116 p_castle_23 Château_du_Cheylard 4219944 0 0 3 0 0 0 0 0 105.990000 -96.710000 105.990000 -96.710000 105.990000 -96.710000 0.0 0 
1.902410
 1 117 117 p_castle_24 Château_de_Vaucouleurs 4219944 0 0 3 0 0 0 0 0 136.550000 59.080000 136.550000 59.080000 136.550000 59.080000 0.0 0 
5.881762
 1 118 118 p_castle_25 La_Tour_de_Marmande 4219944 0 0 3 0 0 0 0 0 -21.900000 -15.740000 -21.900000 -15.740000 -21.900000 -15.740000 0.0 0 
0.314159
 1 119 119 p_castle_26 Château_de_Castelnaud 4219944 0 0 3 0 0 0 0 0 -1.360000 -101.320000 -1.360000 -101.320000 -1.360000 -101.320000 0.0 0 
0.261800
 1 120 120 p_castle_27 Forteresse_de_Rauzan 4219945 0 0 3 0 0 0 0 0 -25.330000 -103.590000 -25.330000 -103.590000 -25.330000 -103.590000 0.0 0 
1.029745
 1 121 121 p_castle_28 Château_de_Montréal 4219946 0 0 3 0 0 0 0 0 -26.850000 -84.870000 -26.850000 -84.870000 -26.850000 -84.870000 0.0 0 
5.131270
 1 122 122 p_castle_29 Château_du_Lude 4219944 0 0 3 0 0 0 0 0 -26.420000 22.440000 -26.420000 22.440000 -26.420000 22.440000 0.0 0 
4.537858
 1 123 123 p_castle_30 Château_de_Nérac 4219944 0 0 3 0 0 0 0 0 -28.040000 -120.400000 -28.040000 -120.400000 -28.040000 -120.400000 0.0 0 
0.244346
 1 124 124 p_castle_31 Château_de_Falaise 4219944 0 0 3 0 0 0 0 0 -33.070000 78.240000 -33.070000 78.240000 -33.070000 78.240000 0.0 0 
0.488692
 1 125 125 p_castle_32 Château-Gaillard 4219944 0 0 3 0 0 0 0 0 13.210000 86.590000 13.210000 86.590000 13.210000 86.590000 0.0 0 
4.537858
 1 126 126 p_castle_33 Château_de_Vendôme 4219944 0 0 3 0 0 0 0 0 -2.060000 26.590000 -2.060000 26.590000 -2.060000 26.590000 0.0 0 
5.009097
 1 127 127 p_castle_34 Château_de_Beauvau 4219944 0 0 3 0 0 0 0 0 -33.730000 16.730000 -33.730000 16.730000 -33.730000 16.730000 0.0 0 
4.537858
 1 128 128 p_castle_35 Château_Gontier 4219944 0 0 3 0 0 0 0 0 -42.520000 28.970000 -42.520000 28.970000 -42.520000 28.970000 0.0 0 
4.537858
 1 129 129 p_castle_36 Château_de_Verneuil 4219946 0 0 3 0 0 0 0 0 4.130000 66.970000 4.130000 66.970000 4.130000 66.970000 0.0 0 
2.146756
 1 130 130 p_castle_37 Château_de_Mortain 4219944 0 0 3 0 0 0 0 0 -45.650000 67.580000 -45.650000 67.580000 -45.650000 67.580000 0.0 0 
0.802852
 1 131 131 p_castle_38 Château_de_Langoiran 4219944 0 0 3 0 0 0 0 0 -30.360000 -111.970000 -30.360000 -111.970000 -30.360000 -111.970000 0.0 0 
5.846856
 1 132 132 p_castle_39 Forteresse_de_Landiras 4219944 0 0 3 0 0 0 0 0 -42.300000 -111.900000 -42.300000 -111.900000 -42.300000 -111.900000 0.0 0 
5.026550
 1 133 133 p_castle_40 Château_de_Fronsac 4219944 0 0 3 0 0 0 0 0 -34.000000 -94.450000 -34.000000 -94.450000 -34.000000 -94.450000 0.0 0 
1.151918
 1 134 134 p_castle_41 Château_de_Montferrand 4219944 0 0 3 0 0 0 0 0 -41.080000 -100.600000 -41.080000 -100.600000 -41.080000 -100.600000 0.0 0 
4.799658
 1 135 135 p_castle_42 Forteresse_de_Blaye 4219944 0 0 3 0 0 0 0 0 -51.590000 -83.760000 -51.590000 -83.760000 -51.590000 -83.760000 0.0 0 
5.864309
 1 136 136 p_castle_43 Château_de_Montbray 4219944 0 0 3 0 0 0 0 0 -53.350000 80.130000 -53.350000 80.130000 -53.350000 80.130000 0.0 0 
0.802852
 1 137 137 p_castle_44 Château_de_Gacé 4219944 0 0 3 0 0 0 0 0 -9.900000 70.400000 -9.900000 70.400000 -9.900000 70.400000 0.0 0 
0.366519
 1 138 138 p_castle_45 Château_de_Sainte-Suzanne 4219944 0 0 3 0 0 0 0 0 -29.340000 43.230000 -29.340000 43.230000 -29.340000 43.230000 0.0 0 
0.802852
 1 139 139 p_castle_46 Château_de_Durtal 4219944 0 0 3 0 0 0 0 0 -37.950000 19.070000 -37.950000 19.070000 -37.950000 19.070000 0.0 0 
0.802852
 1 140 140 p_castle_47 Château_de_Tonerre 4219946 0 0 3 0 0 0 0 0 95.010000 24.010000 95.010000 24.010000 95.010000 24.010000 0.0 0 
6.161015
 1 141 141 p_castle_48 Forteresse_d'Avallon 4219946 0 0 3 0 0 0 0 0 84.240000 9.630000 84.240000 9.630000 84.240000 9.630000 0.0 0 
0.174533
 1 142 142 p_castle_49 Château_de_Varenne-lès-Mâcon 4219946 0 0 3 0 0 0 0 0 108.060000 -30.120000 108.060000 -30.120000 108.060000 -30.120000 0.0 0 
2.356196
 1 143 143 p_castle_50 Château_de_Toulongeon 4219946 0 0 3 0 0 0 0 0 96.560000 -15.550000 96.560000 -15.550000 96.560000 -15.550000 0.0 0 
1.989676
 1 144 144 p_castle_51 Château_de_Ligny-en-Barrois 4219946 0 0 3 0 0 0 0 0 112.500000 67.880000 112.500000 67.880000 112.500000 67.880000 0.0 0 
5.969029
 1 145 145 p_castle_52 Château_de_Jonvelle 4219946 0 0 3 0 0 0 0 0 140.580000 34.500000 140.580000 34.500000 140.580000 34.500000 0.0 0 
3.787366
 1 146 146 p_castle_53 Forteresse_de_Noyelles 4219946 0 0 3 0 0 0 0 0 52.810000 125.360000 52.810000 125.360000 52.810000 125.360000 0.0 0 
0.785399
 1 147 147 p_castle_54 Château_de_Montfort 4219946 0 0 3 0 0 0 0 0 97.270000 17.370000 97.270000 17.370000 97.270000 17.370000 0.0 0 
1.413717
 1 148 148 p_castle_55 Forteresse_de_La_Rochepot 4219946 0 0 3 0 0 0 0 0 101.620000 2.560000 101.620000 2.560000 101.620000 2.560000 0.0 0 
1.169371
 1 149 149 p_castle_56 Château_de_Vergy 4219946 0 0 3 0 0 0 0 0 108.040000 9.310000 108.040000 9.310000 108.040000 9.310000 0.0 0 
0.436333
 1 150 150 p_castle_57 Château_de_Brimeu 4219946 0 0 3 0 0 0 0 0 18.670000 123.100000 18.670000 123.100000 18.670000 123.100000 0.0 0 
0.785399
 1 151 151 p_castle_58 Château_de_Bellemotte 4219946 0 0 3 0 0 0 0 0 58.600000 118.840000 58.600000 118.840000 58.600000 118.840000 0.0 0 
4.677484
 1 152 152 p_castle_59 Forteresse_d'Uytkerke 4219946 0 0 3 0 0 0 0 0 63.970000 152.060000 63.970000 152.060000 63.970000 152.060000 0.0 0 
5.445430
 1 153 153 p_castle_60 Château_de_La_Charité-sur-Loire 4219946 0 0 3 0 0 0 0 0 61.820000 0.090000 61.820000 0.090000 61.820000 0.090000 0.0 0 
2.426009
 1 154 154 p_castle_61 Forteresse_de_L'Isle_Adam 4219946 0 0 3 0 0 0 0 0 27.060000 81.680000 27.060000 81.680000 27.060000 81.680000 0.0 0 
0.785399
 1 155 155 p_castle_62 Château_de_Senlis 4219946 0 0 3 0 0 0 0 0 44.140000 85.530000 44.140000 85.530000 44.140000 85.530000 0.0 0 
5.846856
 1 156 156 p_castle_63 Château_de_Montcornet 4219946 0 0 3 0 0 0 0 0 89.150000 106.480000 89.150000 106.480000 89.150000 106.480000 0.0 0 
5.567603
 1 157 157 p_castle_64 Château_de_Chimay 4219946 0 0 3 0 0 0 0 0 93.030000 112.740000 93.030000 112.740000 93.030000 112.740000 0.0 0 
4.520405
 1 158 158 p_castle_65 Château_de_Fougères 4219946 0 0 3 0 0 0 0 0 -55.110000 55.350000 -55.110000 55.350000 -55.110000 55.350000 0.0 0 
5.358163
 1 159 159 p_castle_66 Châteaubriant 4219946 0 0 3 0 0 0 0 0 -57.820000 28.320000 -57.820000 28.320000 -57.820000 28.320000 0.0 0 
3.612833
 1 160 160 p_castle_67 Château_de_Dinan 4219946 0 0 3 0 0 0 0 0 -84.530000 61.420000 -84.530000 61.420000 -84.530000 61.420000 0.0 0 
0.872665
 1 161 161 p_castle_68 Château_de_Clisson 4219946 0 0 3 0 0 0 0 0 -65.600000 3.910000 -65.600000 3.910000 -65.600000 3.910000 0.0 0 
3.403394
 1 162 162 p_castle_69 Château_de_Josselin 4219946 0 0 3 0 0 0 0 0 -86.790000 42.820000 -86.790000 42.820000 -86.790000 42.820000 0.0 0 
1.884956
 1 163 163 p_castle_70 Forteresse_de_Roch'Morvan 4219946 0 0 3 0 0 0 0 0 -131.160000 62.500000 -131.160000 62.500000 -131.160000 62.500000 0.0 0 
0.785399
 1 164 164 p_castle_71 Château_de_Guéméné 4219946 0 0 3 0 0 0 0 0 -113.160000 52.530000 -113.160000 52.530000 -113.160000 52.530000 0.0 0 
5.480336
 1 165 165 p_castle_72 Château_de_Rochefort 4219946 0 0 3 0 0 0 0 0 -74.390000 33.260000 -74.390000 33.260000 -74.390000 33.260000 0.0 0 
2.338742
 1 166 166 p_castle_73 Château_de_Tonquédec 4219946 0 0 3 0 0 0 0 0 -104.830000 73.750000 -104.830000 73.750000 -104.830000 73.750000 0.0 0 
4.066619
 1 167 167 p_castle_74 Château_de_Rosmadec 4219946 0 0 3 0 0 0 0 0 -136.720000 54.940000 -136.720000 54.940000 -136.720000 54.940000 0.0 0 
4.642578
 1 168 168 p_castle_75 Château_de_Coëtivy 4219946 0 0 3 0 0 0 0 0 -137.710000 66.680000 -137.710000 66.680000 -137.710000 66.680000 0.0 0 
1.902410
 1 169 169 p_castle_76 Château_de_Trémazan 4219946 0 0 3 0 0 0 0 0 -145.290000 71.280000 -145.290000 71.280000 -145.290000 71.280000 0.0 0 
3.543020
 1 170 170 p_castle_77 Château_de_Kermoysan 4219946 0 0 3 0 0 0 0 0 -112.910000 70.430000 -112.910000 70.430000 -112.910000 70.430000 0.0 0 
1.762783
 1 171 171 p_castle_78 Château_de_Coëtquen 4219946 0 0 3 0 0 0 0 0 -80.260000 63.300000 -80.260000 63.300000 -80.260000 63.300000 0.0 0 
0.226893
 1 172 172 p_castle_79 Château_de_Penhoët 4219946 0 0 3 0 0 0 0 0 -121.890000 66.170000 -121.890000 66.170000 -121.890000 66.170000 0.0 0 
5.340710
 1 173 173 p_castle_80 Château_de_Penmarc'h 4219946 0 0 3 0 0 0 0 0 -129.670000 70.870000 -129.670000 70.870000 -129.670000 70.870000 0.0 0 
1.431171
 1 174 174 p_castle_81 Forteresse_de_Kemperlé 4219946 0 0 3 0 0 0 0 0 -119.200000 45.440000 -119.200000 45.440000 -119.200000 45.440000 0.0 0 
3.438300
 1 175 175 p_castle_82 Château_d'Hen_Bont 4219946 0 0 3 0 0 0 0 0 -106.590000 41.220000 -106.590000 41.220000 -106.590000 41.220000 0.0 0 
2.007130
 1 176 176 p_castle_83 Château_de_Derval 4219946 0 0 3 0 0 0 0 0 -68.240000 26.190000 -68.240000 26.190000 -68.240000 26.190000 0.0 0 
0.785399
 1 177 177 p_castle_84 Château_de_Suscinio 4219946 0 0 3 0 0 0 0 0 -86.380000 24.880000 -86.380000 24.880000 -86.380000 24.880000 0.0 0 
5.829402
 1 178 178 p_castle_85 Forteresse_de_Roch'an 4219946 0 0 3 0 0 0 0 0 -104.350000 49.780000 -104.350000 49.780000 -104.350000 49.780000 0.0 0 
5.218537
 1 179 179 p_castle_86 Forteresse_de_Dol 4219946 0 0 3 0 0 0 0 0 -69.940000 62.880000 -69.940000 62.880000 -69.940000 62.880000 0.0 0 
5.742136
 1 180 180 p_village_1 Lunery 2114585 0 0 3 0 0 0 0 0 30.310000 -3.390000 30.310000 -3.390000 30.310000 -3.390000 0.0 0 
4.258605
 1 181 181 p_village_2 Levet 2114585 0 0 3 0 0 0 0 0 33.610000 -8.910000 33.610000 -8.910000 33.610000 -8.910000 0.0 0 
5.794496
 1 182 182 p_village_3 Ardon 2114585 0 0 3 0 0 0 0 0 26.500000 24.570000 26.500000 24.570000 26.500000 24.570000 0.0 0 
2.268929
 1 183 183 p_village_4 Tigy 2114585 0 0 3 0 0 0 0 0 32.210000 23.860000 32.210000 23.860000 32.210000 23.860000 0.0 0 
3.769913
 1 184 184 p_village_5 Bueil 2114585 0 0 3 0 0 0 0 0 -9.460000 7.830000 -9.460000 7.830000 -9.460000 7.830000 0.0 0 
3.543020
 1 185 185 p_village_6 Chambray 2114585 0 0 3 0 0 0 0 0 -10.190000 0.540000 -10.190000 0.540000 -10.190000 0.540000 0.0 0 
3.560473
 1 186 186 p_village_7 Chasseneuil 2114585 0 0 3 0 0 0 0 0 -31.940000 -26.140000 -31.940000 -26.140000 -31.940000 -26.140000 0.0 0 
0.209440
 1 187 187 p_village_8 Chauvigny 2114585 0 0 3 0 0 0 0 0 -26.220000 -32.590000 -26.220000 -32.590000 -26.220000 -32.590000 0.0 0 
5.270897
 1 188 188 p_village_9 Puilboreau 2114585 0 0 3 0 0 0 0 0 -61.650000 -33.140000 -61.650000 -33.140000 -61.650000 -33.140000 0.0 0 
0.087267
 1 189 189 p_village_10 Angoulins 2114585 0 0 3 0 0 0 0 0 -59.860000 -46.690000 -59.860000 -46.690000 -59.860000 -46.690000 0.0 0 
5.044004
 1 190 190 p_village_11 Montpensier 2114585 0 0 3 0 0 0 0 0 56.150000 -34.650000 56.150000 -34.650000 56.150000 -34.650000 0.0 0 
5.585056
 1 191 191 p_village_12 Aubières 2114585 0 0 3 0 0 0 0 0 53.130000 -45.090000 53.130000 -45.090000 53.130000 -45.090000 0.0 0 
3.822273
 1 192 192 p_village_13 Chemilly 2114585 0 0 3 0 0 0 0 0 58.110000 -20.400000 58.110000 -20.400000 58.110000 -20.400000 0.0 0 
1.448624
 1 193 193 p_village_14 Montilly 2114585 0 0 3 0 0 0 0 0 53.410000 -15.290000 53.410000 -15.290000 53.410000 -15.290000 0.0 0 
1.745330
 1 194 194 p_village_15 Jussac 2114585 0 0 3 0 0 0 0 0 29.380000 -98.160000 29.380000 -98.160000 29.380000 -98.160000 0.0 0 
5.759589
 1 195 195 p_village_16 Carlat 2114585 0 0 3 0 0 0 0 0 30.010000 -106.810000 30.010000 -106.810000 30.010000 -106.810000 0.0 0 
3.839726
 1 196 196 p_village_17 Dardilly 2114585 0 0 3 0 0 0 0 0 113.280000 -36.240000 113.280000 -36.240000 113.280000 -36.240000 0.0 0 
0.628319
 1 197 197 p_village_18 Vienne 2114585 0 0 3 0 0 0 0 0 117.790000 -46.200000 117.790000 -46.200000 117.790000 -46.200000 0.0 0 
2.024583
 1 198 198 p_village_19 Vals 2114585 0 0 3 0 0 0 0 0 81.310000 -85.050000 81.310000 -85.050000 81.310000 -85.050000 0.0 0 
4.101526
 1 199 199 p_village_20 Ceyssac 2114585 0 0 3 0 0 0 0 0 83.920000 -87.530000 83.920000 -87.530000 83.920000 -87.530000 0.0 0 
2.583088
 1 200 200 p_village_21 Le_Montat 2114585 0 0 3 0 0 0 0 0 0.570000 -115.500000 0.570000 -115.500000 0.570000 -115.500000 0.0 0 
2.356196
 1 201 201 p_village_22 Vers 2114585 0 0 3 0 0 0 0 0 2.110000 -109.580000 2.110000 -109.580000 2.110000 -109.580000 0.0 0 
6.265735
 1 202 202 p_village_23 Sébazac 2114585 0 0 3 0 0 0 0 0 32.670000 -112.840000 32.670000 -112.840000 32.670000 -112.840000 0.0 0 
5.742136
 1 203 203 p_village_24 Calmont 2114585 0 0 3 0 0 0 0 0 25.680000 -122.180000 25.680000 -122.180000 25.680000 -122.180000 0.0 0 
2.583088
 1 204 204 p_village_25 Gramont 2114585 0 0 3 0 0 0 0 0 -9.230000 -123.640000 -9.230000 -123.640000 -9.230000 -123.640000 0.0 0 
5.567603
 1 205 205 p_village_26 Terraube 2114585 0 0 3 0 0 0 0 0 -13.210000 -128.170000 -13.210000 -128.170000 -13.210000 -128.170000 0.0 0 
2.268929
 1 206 206 p_village_27 Muret 2114585 0 0 3 0 0 0 0 0 3.170000 -132.360000 3.170000 -132.360000 3.170000 -132.360000 0.0 0 
2.146756
 1 207 207 p_village_28 Blagnac 2114585 0 0 3 0 0 0 0 0 3.800000 -126.830000 3.800000 -126.830000 3.800000 -126.830000 0.0 0 
0.017453
 1 208 208 p_village_29 Castres 2114585 0 0 3 0 0 0 0 0 26.610000 -133.080000 26.610000 -133.080000 26.610000 -133.080000 0.0 0 
4.468045
 1 209 209 p_village_30 Limoux 2114585 0 0 3 0 0 0 0 0 23.870000 -143.900000 23.870000 -143.900000 23.870000 -143.900000 0.0 0 
5.375616
 1 210 210 p_village_31 Lattes 2114585 0 0 3 0 0 0 0 0 54.440000 -132.750000 54.440000 -132.750000 54.440000 -132.750000 0.0 0 
0.366519
 1 211 211 p_village_32 Vendargues 2114585 0 0 3 0 0 0 0 0 58.060000 -129.730000 58.060000 -129.730000 58.060000 -129.730000 0.0 0 
5.340710
 1 212 212 p_village_33 Chabeuil 2114585 0 0 3 0 0 0 0 0 118.350000 -72.780000 118.350000 -72.780000 118.350000 -72.780000 0.0 0 
0.209440
 1 213 213 p_village_34 Livron 2114585 0 0 3 0 0 0 0 0 118.510000 -78.820000 118.510000 -78.820000 118.510000 -78.820000 0.0 0 
2.722715
 1 214 214 p_village_35 Missé 2114585 0 0 3 0 0 0 0 0 -48.280000 -14.610000 -48.280000 -14.610000 -48.280000 -14.610000 0.0 0 
3.595380
 1 215 215 p_village_36 Oiron 2114585 0 0 3 0 0 0 0 0 -41.240000 -13.000000 -41.240000 -13.000000 -41.240000 -13.000000 0.0 0 
5.026550
 1 216 216 p_village_37 Fourcroix 2114585 0 0 3 0 0 0 0 0 68.640000 129.230000 68.640000 129.230000 68.640000 129.230000 0.0 0 
3.857179
 1 217 217 p_village_38 Bizencourt 2114585 0 0 3 0 0 0 0 0 74.650000 128.370000 74.650000 128.370000 74.650000 128.370000 0.0 0 
1.902410
 1 218 218 p_village_39 Amilly 2114585 0 0 3 0 0 0 0 0 54.550000 31.290000 54.550000 31.290000 54.550000 31.290000 0.0 0 
1.256638
 1 219 219 p_village_40 Mormant 2114585 0 0 3 0 0 0 0 0 49.300000 29.210000 49.300000 29.210000 49.300000 29.210000 0.0 0 
0.331613
 1 220 220 p_village_41 Saint-Gondon 2114585 0 0 3 0 0 0 0 0 39.260000 17.160000 39.260000 17.160000 39.260000 17.160000 0.0 0 
2.338742
 1 221 221 p_village_42 Poilly 2114585 0 0 3 0 0 0 0 0 42.250000 15.290000 42.250000 15.290000 42.250000 15.290000 0.0 0 
4.049166
 1 222 222 p_village_43 Le_Breuil 2114585 0 0 3 0 0 0 0 0 66.940000 -29.300000 66.940000 -29.300000 66.940000 -29.300000 0.0 0 
2.356196
 1 223 223 p_village_44 Odos 2114585 0 0 3 0 0 0 0 0 -30.940000 -150.460000 -30.940000 -150.460000 -30.940000 -150.460000 0.0 0 
1.605704
 1 224 224 p_village_45 Azay 2114585 0 0 3 0 0 0 0 0 -12.560000 -2.140000 -12.560000 -2.140000 -12.560000 -2.140000 0.0 0 
5.113817
 1 225 225 p_village_46 Issoudun 2114585 0 0 3 0 0 0 0 0 22.960000 -10.820000 22.960000 -10.820000 22.960000 -10.820000 0.0 0 
4.066619
 1 226 226 p_village_47 Fontenay 2114585 0 0 3 0 0 0 0 0 -46.860000 -30.270000 -46.860000 -30.270000 -46.860000 -30.270000 0.0 0 
3.490660
 1 227 227 p_village_48 Tasque 2114585 0 0 3 0 0 0 0 0 -11.320000 -137.890000 -11.320000 -137.890000 -11.320000 -137.890000 0.0 0 
0.802852
 1 228 228 p_village_49 Blanzac 2114585 0 0 3 0 0 0 0 0 79.900000 -79.010000 79.900000 -79.010000 79.900000 -79.010000 0.0 0 
6.283188
 1 229 229 p_village_50 Chélieu 2114585 0 0 3 0 0 0 0 0 124.900000 -45.600000 124.900000 -45.600000 124.900000 -45.600000 0.0 0 
0.174533
 1 230 230 p_village_51 La_Crête 2114585 0 0 3 0 0 0 0 0 48.740000 -26.970000 48.740000 -26.970000 48.740000 -26.970000 0.0 0 
1.745330
 1 231 231 p_village_52 Amboise 2114585 0 0 3 0 0 0 0 0 1.070000 10.380000 1.070000 10.380000 1.070000 10.380000 0.0 0 
4.450592
 1 232 232 p_village_53 Boussac 2114585 0 0 3 0 0 0 0 0 37.600000 -29.210000 37.600000 -29.210000 37.600000 -29.210000 0.0 0 
1.745330
 1 233 233 p_village_54 Yèvre 2114585 0 0 3 0 0 0 0 0 32.030000 41.210000 32.030000 41.210000 32.030000 41.210000 0.0 0 
0.174533
 1 234 234 p_village_55 Aix 2114585 0 0 3 0 0 0 0 0 85.520000 -60.500000 85.520000 -60.500000 85.520000 -60.500000 0.0 0 
3.857179
 1 235 235 p_village_56 Tauves 2114585 0 0 3 0 0 0 0 0 41.260000 -53.650000 41.260000 -53.650000 41.260000 -53.650000 0.0 0 
0.558506
 1 236 236 p_village_57 Jalognes 2114585 0 0 3 0 0 0 0 0 47.730000 2.880000 47.730000 2.880000 47.730000 2.880000 0.0 0 
1.954770
 1 237 237 p_village_58 Geaune 2114585 0 0 3 0 0 0 0 0 -31.410000 -138.890000 -31.410000 -138.890000 -31.410000 -138.890000 0.0 0 
4.101526
 1 238 238 p_village_59 Pavie 2114585 0 0 3 0 0 0 0 0 1.370000 -141.000000 1.370000 -141.000000 1.370000 -141.000000 0.0 0 
3.700100
 1 239 239 p_village_60 Le_Val-Saint-Père 2114585 0 0 3 0 0 0 0 0 -63.760000 69.030000 -63.760000 69.030000 -63.760000 69.030000 0.0 0 
5.672323
 1 240 240 p_village_61 Vellèches 2114585 0 0 3 0 0 0 0 0 -19.850000 -18.900000 -19.850000 -18.900000 -19.850000 -18.900000 0.0 0 
3.909539
 1 241 241 p_village_62 Azerables 2114585 0 0 3 0 0 0 0 0 14.750000 -29.600000 14.750000 -29.600000 14.750000 -29.600000 0.0 0 
0.401426
 1 242 242 p_village_63 Sévérac 2114585 0 0 3 0 0 0 0 0 40.960000 -123.850000 40.960000 -123.850000 40.960000 -123.850000 0.0 0 
4.241152
 1 243 243 p_village_64 Xaintrailles 2114585 0 0 3 0 0 0 0 0 -35.280000 -116.680000 -35.280000 -116.680000 -35.280000 -116.680000 0.0 0 
1.396264
 1 244 244 p_village_65 Domrémy 2114585 0 0 3 0 0 0 0 0 139.910000 52.030000 139.910000 52.030000 139.910000 52.030000 0.0 0 
4.694938
 1 245 245 p_village_66 Barbazan 2114585 0 0 3 0 0 0 0 0 -24.600000 -151.880000 -24.600000 -151.880000 -24.600000 -151.880000 0.0 0 
4.066619
 1 246 246 p_village_67 Mont-de-Marsan 2114585 0 0 3 0 0 0 0 0 -42.320000 -132.130000 -42.320000 -132.130000 -42.320000 -132.130000 0.0 0 
4.380778
 1 247 247 p_village_68 Ròcahòrt 2114585 0 0 3 0 0 0 0 0 -38.980000 -125.150000 -38.980000 -125.150000 -38.980000 -125.150000 0.0 0 
3.804819
 1 248 248 p_village_69 Brassac 2114585 0 0 3 0 0 0 0 0 -2.130000 -149.420000 -2.130000 -149.420000 -2.130000 -149.420000 0.0 0 
2.007130
 1 249 249 p_village_70 Vernajoul 2114585 0 0 3 0 0 0 0 0 6.640000 -146.380000 6.640000 -146.380000 6.640000 -146.380000 0.0 0 
5.934122
 1 250 250 p_village_71 Aujac 2114585 0 0 3 0 0 0 0 0 103.020000 -95.260000 103.020000 -95.260000 103.020000 -95.260000 0.0 0 
1.274091
 1 251 251 p_village_72 Le_Pailloux 2114585 0 0 3 0 0 0 0 0 32.660000 -61.230000 32.660000 -61.230000 32.660000 -61.230000 0.0 0 
3.560473
 1 252 252 p_village_73 Murol 2114585 0 0 3 0 0 0 0 0 53.160000 -66.020000 53.160000 -66.020000 53.160000 -66.020000 0.0 0 
3.159047
 1 253 253 p_village_74 Brissac 2114585 0 0 3 0 0 0 0 0 -45.100000 7.190000 -45.100000 7.190000 -45.100000 7.190000 0.0 0 
2.583088
 1 254 254 p_village_75 Lembras 2114585 0 0 3 0 0 0 0 0 -9.940000 -96.440000 -9.940000 -96.440000 -9.940000 -96.440000 0.0 0 
3.071781
 1 255 255 p_village_76 Monbazillac 2114585 0 0 3 0 0 0 0 0 -14.150000 -102.330000 -14.150000 -102.330000 -14.150000 -102.330000 0.0 0 
0.628319
 1 256 256 p_village_77 Chammes 2114585 0 0 3 0 0 0 0 0 -29.580000 40.950000 -29.580000 40.950000 -29.580000 40.950000 0.0 0 
5.619963
 1 257 257 p_village_78 Chancelade 2114585 0 0 3 0 0 0 0 0 -18.290000 -76.250000 -18.290000 -76.250000 -18.290000 -76.250000 0.0 0 
1.099558
 1 258 258 p_village_79 Trélissac 2114585 0 0 3 0 0 0 0 0 -8.000000 -75.070000 -8.000000 -75.070000 -8.000000 -75.070000 0.0 0 
5.061457
 1 259 259 p_village_80 Champniers 2114585 0 0 3 0 0 0 0 0 -35.860000 -59.570000 -35.860000 -59.570000 -35.860000 -59.570000 0.0 0 
5.497790
 1 260 260 p_village_81 La_Couronne 2114585 0 0 3 0 0 0 0 0 -39.640000 -67.420000 -39.640000 -67.420000 -39.640000 -67.420000 0.0 0 
2.181663
 1 261 261 p_village_82 Rochechouart 2114585 0 0 3 0 0 0 0 0 -8.970000 -55.210000 -8.970000 -55.210000 -8.970000 -55.210000 0.0 0 
2.076943
 1 262 262 p_village_83 Couzeix 2114585 0 0 3 0 0 0 0 0 -4.360000 -49.900000 -4.360000 -49.900000 -4.360000 -49.900000 0.0 0 
5.846856
 1 263 263 p_village_84 Mérignac 2114585 0 0 3 0 0 0 0 0 -48.970000 -105.030000 -48.970000 -105.030000 -48.970000 -105.030000 0.0 0 
1.047198
 1 264 264 p_village_85 Pessac 2114585 0 0 3 0 0 0 0 0 -46.550000 -108.080000 -46.550000 -108.080000 -46.550000 -108.080000 0.0 0 
2.356196
 1 265 265 p_village_86 Vignoles 2114585 0 0 3 0 0 0 0 0 -52.600000 -126.520000 -52.600000 -126.520000 -52.600000 -126.520000 0.0 0 
0.383973
 1 266 266 p_village_87 Blaye 2114585 0 0 3 0 0 0 0 0 -49.030000 -85.630000 -49.030000 -85.630000 -49.030000 -85.630000 0.0 0 
5.148724
 1 267 267 p_village_88 Anglet 2114585 0 0 3 0 0 0 0 0 -72.200000 -139.340000 -72.200000 -139.340000 -72.200000 -139.340000 0.0 0 
4.415685
 1 268 268 p_village_89 Biarritz 2114585 0 0 3 0 0 0 0 0 -76.540000 -144.770000 -76.540000 -144.770000 -76.540000 -144.770000 0.0 0 
2.356196
 1 269 269 p_village_90 Peyrehorade 2114585 0 0 3 0 0 0 0 0 -60.450000 -139.620000 -60.450000 -139.620000 -60.450000 -139.620000 0.0 0 
2.164209
 1 270 270 p_village_91 Castets 2114585 0 0 3 0 0 0 0 0 -61.610000 -130.800000 -61.610000 -130.800000 -61.610000 -130.800000 0.0 0 
0.471239
 1 271 271 p_village_92 Entrammes 2114585 0 0 3 0 0 0 0 0 -42.970000 40.430000 -42.970000 40.430000 -42.970000 40.430000 0.0 0 
5.724682
 1 272 272 p_village_93 Argentré 2114585 0 0 3 0 0 0 0 0 -41.020000 46.380000 -41.020000 46.380000 -41.020000 46.380000 0.0 0 
2.914701
 1 273 273 p_village_94 Allonnes 2114585 0 0 3 0 0 0 0 0 -20.380000 36.070000 -20.380000 36.070000 -20.380000 36.070000 0.0 0 
5.218537
 1 274 274 p_village_95 Mulsannes 2114585 0 0 3 0 0 0 0 0 -14.650000 35.140000 -14.650000 35.140000 -14.650000 35.140000 0.0 0 
0.506146
 1 275 275 p_village_96 Le_Lion-d'Angers 2114585 0 0 3 0 0 0 0 0 -49.780000 18.890000 -49.780000 18.890000 -49.780000 18.890000 0.0 0 
0.418879
 1 276 276 p_village_97 Durtal 2114585 0 0 3 0 0 0 0 0 -38.360000 21.300000 -38.360000 21.300000 -38.360000 21.300000 0.0 0 
4.014259
 1 277 277 p_village_98 Chailly 2114585 0 0 3 0 0 0 0 0 54.880000 62.670000 54.880000 62.670000 54.880000 62.670000 0.0 0 
6.143562
 1 278 278 p_village_99 Ury 2114585 0 0 3 0 0 0 0 0 53.100000 57.190000 53.100000 57.190000 53.100000 57.190000 0.0 0 
1.431171
 1 279 279 p_village_100 Gasville 2114585 0 0 3 0 0 0 0 0 22.020000 56.150000 22.020000 56.150000 22.020000 56.150000 0.0 0 
2.181663
 1 280 280 p_village_101 Luisant 2114585 0 0 3 0 0 0 0 0 17.760000 50.230000 17.760000 50.230000 17.760000 50.230000 0.0 0 
5.654869
 1 281 281 p_village_102 Barentin 2114585 0 0 3 0 0 0 0 0 -2.150000 95.140000 -2.150000 95.140000 -2.150000 95.140000 0.0 0 
3.525567
 1 282 282 p_village_103 Quevilly 2114585 0 0 3 0 0 0 0 0 0.970000 88.350000 0.970000 88.350000 0.970000 88.350000 0.0 0 
0.541052
 1 283 283 p_village_104 Rots 2114585 0 0 3 0 0 0 0 0 -38.360000 89.870000 -38.360000 89.870000 -38.360000 89.870000 0.0 0 
1.588250
 1 284 284 p_village_105 Ifs 2114585 0 0 3 0 0 0 0 0 -33.890000 86.720000 -33.890000 86.720000 -33.890000 86.720000 0.0 0 
3.246314
 1 285 285 p_village_106 Honfleur 2114585 0 0 3 0 0 0 0 0 -37.240000 94.220000 -37.240000 94.220000 -37.240000 94.220000 0.0 0 
2.879795
 1 286 286 p_village_107 Étretat 2114585 0 0 3 0 0 0 0 0 -30.660000 107.100000 -30.660000 107.100000 -30.660000 107.100000 0.0 0 
3.961899
 1 287 287 p_village_108 Barfleur 2114585 0 0 3 0 0 0 0 0 -61.360000 114.780000 -61.360000 114.780000 -61.360000 114.780000 0.0 0 
1.396264
 1 288 288 p_village_109 Valognes 2114585 0 0 3 0 0 0 0 0 -68.290000 106.440000 -68.290000 106.440000 -68.290000 106.440000 0.0 0 
5.393070
 1 289 289 p_village_110 Fréthun 2114585 0 0 3 0 0 0 0 0 23.060000 144.860000 23.060000 144.860000 23.060000 144.860000 0.0 0 
1.902410
 1 290 290 p_village_111 Marck 2114585 0 0 3 0 0 0 0 0 30.890000 145.820000 30.890000 145.820000 30.890000 145.820000 0.0 0 
4.625125
 1 291 291 p_village_112 Saint-Denis 2114585 0 0 3 0 0 0 0 0 32.140000 76.940000 32.140000 76.940000 32.140000 76.940000 0.0 0 
5.742136
 1 292 292 p_village_113 Evry 2114585 0 0 3 0 0 0 0 0 31.090000 72.750000 31.090000 72.750000 31.090000 72.750000 0.0 0 
4.991644
 1 293 293 p_village_114 Arçonnay 2114585 0 0 3 0 0 0 0 0 -17.570000 52.710000 -17.570000 52.710000 -17.570000 52.710000 0.0 0 
6.003935
 1 294 294 p_village_115 Valframbert 2114585 0 0 3 0 0 0 0 0 -16.010000 58.810000 -16.010000 58.810000 -16.010000 58.810000 0.0 0 
3.036874
 1 295 295 p_village_116 Nonant 2114585 0 0 3 0 0 0 0 0 -46.630000 94.080000 -46.630000 94.080000 -46.630000 94.080000 0.0 0 
4.171339
 1 296 296 p_village_117 Balleroy 2114585 0 0 3 0 0 0 0 0 -51.350000 93.880000 -51.350000 93.880000 -51.350000 93.880000 0.0 0 
2.286382
 1 297 297 p_village_118 Bailleul 2114585 0 0 3 0 0 0 0 0 -24.040000 70.000000 -24.040000 70.000000 -24.040000 70.000000 0.0 0 
3.071781
 1 298 298 p_village_119 Ecouché 2114585 0 0 3 0 0 0 0 0 -29.050000 63.990000 -29.050000 63.990000 -29.050000 63.990000 0.0 0 
1.815143
 1 299 299 p_village_120 Brive 2114585 0 0 3 0 0 0 0 0 13.770000 -95.900000 13.770000 -95.900000 13.770000 -95.900000 0.0 0 
3.577927
 1 300 300 p_village_121 Ruch 2114585 0 0 3 0 0 0 0 0 -23.280000 -104.730000 -23.280000 -104.730000 -23.280000 -104.730000 0.0 0 
5.934122
 1 301 301 p_village_122 Mussidan 2114585 0 0 3 0 0 0 0 0 -29.600000 -83.170000 -29.600000 -83.170000 -29.600000 -83.170000 0.0 0 
0.558506
 1 302 302 p_village_123 Le_Lude 2114585 0 0 3 0 0 0 0 0 -25.360000 20.050000 -25.360000 20.050000 -25.360000 20.050000 0.0 0 
5.881762
 1 303 303 p_village_124 Barbaste 2114585 0 0 3 0 0 0 0 0 -29.610000 -118.740000 -29.610000 -118.740000 -29.610000 -118.740000 0.0 0 
0.610866
 1 304 304 p_village_125 Corny 2114585 0 0 3 0 0 0 0 0 14.900000 88.580000 14.900000 88.580000 14.900000 88.580000 0.0 0 
3.769913
 1 305 305 p_village_126 Aubigny 2114585 0 0 3 0 0 0 0 0 -34.140000 80.890000 -34.140000 80.890000 -34.140000 80.890000 0.0 0 
3.525567
 1 306 306 p_village_127 Bazas 2114585 0 0 3 0 0 0 0 0 -39.140000 -113.860000 -39.140000 -113.860000 -39.140000 -113.860000 0.0 0 
2.548182
 1 307 307 p_village_128 Ménil 2114585 0 0 3 0 0 0 0 0 -41.260000 26.380000 -41.260000 26.380000 -41.260000 26.380000 0.0 0 
5.550149
 1 308 308 p_village_129 Vendôme 2114585 0 0 3 0 0 0 0 0 -2.430000 24.730000 -2.430000 24.730000 -2.430000 24.730000 0.0 0 
2.932154
 1 309 309 p_village_130 Beauvau 2114585 0 0 3 0 0 0 0 0 -32.300000 14.450000 -32.300000 14.450000 -32.300000 14.450000 0.0 0 
0.157080
 1 310 310 p_village_131 Langoiran 2114585 0 0 3 0 0 0 0 0 -32.150000 -110.320000 -32.150000 -110.320000 -32.150000 -110.320000 0.0 0 
0.401426
 1 311 311 p_village_132 Mortain 2114585 0 0 3 0 0 0 0 0 -43.640000 69.720000 -43.640000 69.720000 -43.640000 69.720000 0.0 0 
2.617995
 1 312 312 p_village_133 Lessay 2114585 0 0 3 0 0 0 0 0 -69.970000 94.860000 -69.970000 94.860000 -69.970000 94.860000 0.0 0 
1.308998
 1 313 313 p_village_134 Orval 2114585 0 0 3 0 0 0 0 0 -67.040000 86.120000 -67.040000 86.120000 -67.040000 86.120000 0.0 0 
3.996806
 1 314 314 p_village_135 Hambye 2114585 0 0 3 0 0 0 0 0 -61.950000 79.150000 -61.950000 79.150000 -61.950000 79.150000 0.0 0 
3.071781
 1 315 315 p_village_136 Vire 2114585 0 0 3 0 0 0 0 0 -47.850000 77.930000 -47.850000 77.930000 -47.850000 77.930000 0.0 0 
5.986482
 1 316 316 p_village_137 Sartilly 2114585 0 0 3 0 0 0 0 0 -65.060000 75.140000 -65.060000 75.140000 -65.060000 75.140000 0.0 0 
0.855212
 1 317 317 p_village_138 Verneuil 2114585 0 0 3 0 0 0 0 0 4.300000 64.360000 4.300000 64.360000 4.300000 64.360000 0.0 0 
0.226893
 1 318 318 p_village_139 L'Aigle 2114585 0 0 3 0 0 0 0 0 -2.060000 68.370000 -2.060000 68.370000 -2.060000 68.370000 0.0 0 
0.820305
 1 319 319 p_village_140 Dieppe 2114585 0 0 3 0 0 0 0 0 -7.380000 115.950000 -7.380000 115.950000 -7.380000 115.950000 0.0 0 
3.455753
 1 320 320 p_village_141 Blangy 2114585 0 0 3 0 0 0 0 0 12.470000 112.090000 12.470000 112.090000 12.470000 112.090000 0.0 0 
1.745330
 1 321 321 p_village_142 Pont-Hébert 2114585 0 0 3 0 0 0 0 0 -61.470000 94.850000 -61.470000 94.850000 -61.470000 94.850000 0.0 0 
0.471239
 1 322 322 p_village_143 Condé 2114585 0 0 3 0 0 0 0 0 -55.660000 89.850000 -55.660000 89.850000 -55.660000 89.850000 0.0 0 
2.216569
 1 323 323 p_village_144 Fronsac 2114585 0 0 3 0 0 0 0 0 -33.310000 -96.150000 -33.310000 -96.150000 -33.310000 -96.150000 0.0 0 
1.378811
 1 324 324 p_village_145 Pomerol 2114585 0 0 3 0 0 0 0 0 -27.680000 -94.370000 -27.680000 -94.370000 -27.680000 -94.370000 0.0 0 
4.677484
 1 325 325 p_village_146 Beychac 2114585 0 0 3 0 0 0 0 0 -30.570000 -100.370000 -30.570000 -100.370000 -30.570000 -100.370000 0.0 0 
3.263767
 1 326 326 p_village_147 Ambarès 2114585 0 0 3 0 0 0 0 0 -37.540000 -102.190000 -37.540000 -102.190000 -37.540000 -102.190000 0.0 0 
5.393070
 1 327 327 p_village_148 Domme 2114585 0 0 3 0 0 0 0 0 3.300000 -103.120000 3.300000 -103.120000 3.300000 -103.120000 0.0 0 
1.745330
 1 328 328 p_village_149 Quetigny 2114585 0 0 3 0 0 0 0 0 110.600000 18.140000 110.600000 18.140000 110.600000 18.140000 0.0 0 
1.466077
 1 329 329 p_village_150 Quenne 2114585 0 0 3 0 0 0 0 0 85.230000 18.710000 85.230000 18.710000 85.230000 18.710000 0.0 0 
4.904377
 1 330 330 p_village_151 Charbuy 2114585 0 0 3 0 0 0 0 0 80.840000 23.070000 80.840000 23.070000 80.840000 23.070000 0.0 0 
6.230828
 1 331 331 p_village_152 Macey 2114585 0 0 3 0 0 0 0 0 90.660000 50.930000 90.660000 50.930000 90.660000 50.930000 0.0 0 
0.314159
 1 332 332 p_village_153 Rouilly 2114585 0 0 3 0 0 0 0 0 95.670000 46.920000 95.670000 46.920000 95.670000 46.920000 0.0 0 
4.066619
 1 333 333 p_village_154 Rougemont 2114585 0 0 3 0 0 0 0 0 149.410000 16.920000 149.410000 16.920000 149.410000 16.920000 0.0 0 
0.488692
 1 334 334 p_village_155 Baume-les-Dames 2114585 0 0 3 0 0 0 0 0 152.510000 12.980000 152.510000 12.980000 152.510000 12.980000 0.0 0 
3.926993
 1 335 335 p_village_156 Balleray 2114585 0 0 3 0 0 0 0 0 75.740000 -6.320000 75.740000 -6.320000 75.740000 -6.320000 0.0 0 
5.916669
 1 336 336 p_village_157 Imphy 2114585 0 0 3 0 0 0 0 0 75.710000 -12.110000 75.710000 -12.110000 75.710000 -12.110000 0.0 0 
3.001968
 1 337 337 p_village_158 Damme 2114585 0 0 3 0 0 0 0 0 73.450000 149.030000 73.450000 149.030000 73.450000 149.030000 0.0 0 
5.078910
 1 338 338 p_village_159 Bourgogne 2114585 0 0 3 0 0 0 0 0 63.850000 144.460000 63.850000 144.460000 63.850000 144.460000 0.0 0 
1.954770
 1 339 339 p_village_160 Audenarde 2114585 0 0 3 0 0 0 0 0 81.630000 137.110000 81.630000 137.110000 81.630000 137.110000 0.0 0 
2.897248
 1 340 340 p_village_161 Nevele 2114585 0 0 3 0 0 0 0 0 86.600000 143.300000 86.600000 143.300000 86.600000 143.300000 0.0 0 
4.974191
 1 341 341 p_village_162 Verbrande 2114585 0 0 3 0 0 0 0 0 100.270000 138.930000 100.270000 138.930000 100.270000 138.930000 0.0 0 
2.740168
 1 342 342 p_village_163 Tisselt 2114585 0 0 3 0 0 0 0 0 104.160000 144.890000 104.160000 144.890000 104.160000 144.890000 0.0 0 
5.375616
 1 343 343 p_village_164 Thourotte 2114585 0 0 3 0 0 0 0 0 44.770000 90.840000 44.770000 90.840000 44.770000 90.840000 0.0 0 
1.291544
 1 344 344 p_village_165 Jaux 2114585 0 0 3 0 0 0 0 0 54.060000 94.280000 54.060000 94.280000 54.060000 94.280000 0.0 0 
5.445430
 1 345 345 p_village_166 Sarry 2114585 0 0 3 0 0 0 0 0 108.370000 78.450000 108.370000 78.450000 108.370000 78.450000 0.0 0 
5.305803
 1 346 346 p_village_167 Vertus 2114585 0 0 3 0 0 0 0 0 101.420000 73.470000 101.420000 73.470000 101.420000 73.470000 0.0 0 
2.094396
 1 347 347 p_village_168 Rethel 2114585 0 0 3 0 0 0 0 0 93.220000 95.180000 93.220000 95.180000 93.220000 95.180000 0.0 0 
5.462883
 1 348 348 p_village_169 Epernay 2114585 0 0 3 0 0 0 0 0 77.950000 85.420000 77.950000 85.420000 77.950000 85.420000 0.0 0 
2.164209
 1 349 349 p_village_170 Condette 2114585 0 0 3 0 0 0 0 0 17.630000 130.740000 17.630000 130.740000 17.630000 130.740000 0.0 0 
2.373649
 1 350 350 p_village_171 Wimeureux 2114585 0 0 3 0 0 0 0 0 20.970000 136.720000 20.970000 136.720000 20.970000 136.720000 0.0 0 
5.550149
 1 351 351 p_village_172 Ligny 2114585 0 0 3 0 0 0 0 0 37.870000 115.440000 37.870000 115.440000 37.870000 115.440000 0.0 0 
5.270897
 1 352 352 p_village_173 Picquigny 2114585 0 0 3 0 0 0 0 0 41.480000 105.150000 41.480000 105.150000 41.480000 105.150000 0.0 0 
3.577927
 1 353 353 p_village_174 Allaines 2114585 0 0 3 0 0 0 0 0 58.840000 107.340000 58.840000 107.340000 58.840000 107.340000 0.0 0 
2.443462
 1 354 354 p_village_175 Biaches 2114585 0 0 3 0 0 0 0 0 65.820000 105.620000 65.820000 105.620000 65.820000 105.620000 0.0 0 
5.270897
 1 355 355 p_village_176 Ancy-le-Franc 2114585 0 0 3 0 0 0 0 0 97.700000 22.390000 97.700000 22.390000 97.700000 22.390000 0.0 0 
5.567603
 1 356 356 p_village_177 Magny 2114585 0 0 3 0 0 0 0 0 87.710000 8.290000 87.710000 8.290000 87.710000 8.290000 0.0 0 
4.677484
 1 357 357 p_village_178 Macôn 2114585 0 0 3 0 0 0 0 0 109.700000 -26.830000 109.700000 -26.830000 109.700000 -26.830000 0.0 0 
5.480336
 1 358 358 p_village_179 Toulongeon 2114585 0 0 3 0 0 0 0 0 98.060000 -13.400000 98.060000 -13.400000 98.060000 -13.400000 0.0 0 
5.934122
 1 359 359 p_village_180 Givrauval 2114585 0 0 3 0 0 0 0 0 113.610000 65.450000 113.610000 65.450000 113.610000 65.450000 0.0 0 
3.316127
 1 360 360 p_village_181 Jonvelle 2114585 0 0 3 0 0 0 0 0 140.530000 32.500000 140.530000 32.500000 140.530000 32.500000 0.0 0 
3.211407
 1 361 361 p_village_182 Godault 2114585 0 0 3 0 0 0 0 0 54.950000 123.280000 54.950000 123.280000 54.950000 123.280000 0.0 0 
4.276059
 1 362 362 p_village_183 Montigny 2114585 0 0 3 0 0 0 0 0 99.640000 15.700000 99.640000 15.700000 99.640000 15.700000 0.0 0 
3.926993
 1 363 363 p_village_184 Beaune 2114585 0 0 3 0 0 0 0 0 103.250000 -0.290000 103.250000 -0.290000 103.250000 -0.290000 0.0 0 
3.525567
 1 364 364 p_village_185 Reulle 2114585 0 0 3 0 0 0 0 0 107.820000 6.650000 107.820000 6.650000 107.820000 6.650000 0.0 0 
2.897248
 1 365 365 p_village_186 Grigny 2114585 0 0 3 0 0 0 0 0 25.000000 120.030000 25.000000 120.030000 25.000000 120.030000 0.0 0 
4.188792
 1 366 366 p_village_187 Arras 2114585 0 0 3 0 0 0 0 0 52.490000 118.510000 52.490000 118.510000 52.490000 118.510000 0.0 0 
1.954770
 1 367 367 p_village_188 Bredene 2114585 0 0 3 0 0 0 0 0 58.400000 150.180000 58.400000 150.180000 58.400000 150.180000 0.0 0 
1.797690
 1 368 368 p_village_189 Donzy 2114585 0 0 3 0 0 0 0 0 63.530000 2.930000 63.530000 2.930000 63.530000 2.930000 0.0 0 
5.969029
 1 369 369 p_village_190 Mours 2114585 0 0 3 0 0 0 0 0 29.900000 83.060000 29.900000 83.060000 29.900000 83.060000 0.0 0 
5.340710
 1 370 370 p_village_191 Barbery 2114585 0 0 3 0 0 0 0 0 48.200000 86.750000 48.200000 86.750000 48.200000 86.750000 0.0 0 
2.879795
 1 371 371 p_village_192 Montcornet 2114585 0 0 3 0 0 0 0 0 89.750000 103.990000 89.750000 103.990000 89.750000 103.990000 0.0 0 
3.508113
 1 372 372 p_village_193 Beaumont 2114585 0 0 3 0 0 0 0 0 92.170000 118.290000 92.170000 118.290000 92.170000 118.290000 0.0 0 
0.331613
 1 373 373 p_village_194 Chenôve 2114585 0 0 3 0 0 0 0 0 107.070000 13.930000 107.070000 13.930000 107.070000 13.930000 0.0 0 
2.164209
 1 374 374 p_village_195 Blain 2114585 0 0 3 0 0 0 0 0 -72.250000 21.380000 -72.250000 21.380000 -72.250000 21.380000 0.0 0 
2.583088
 1 375 375 p_village_196 Treillières 2114585 0 0 3 0 0 0 0 0 -71.710000 15.770000 -71.710000 15.770000 -71.710000 15.770000 0.0 0 
6.003935
 1 376 376 p_village_197 Lohéac 2114585 0 0 3 0 0 0 0 0 -68.970000 39.720000 -68.970000 39.720000 -68.970000 39.720000 0.0 0 
6.126108
 1 377 377 p_village_198 Vitré 2114585 0 0 3 0 0 0 0 0 -55.570000 48.430000 -55.570000 48.430000 -55.570000 48.430000 0.0 0 
6.195922
 1 378 378 p_village_199 Auray 2114585 0 0 3 0 0 0 0 0 -97.620000 31.330000 -97.620000 31.330000 -97.620000 31.330000 0.0 0 
1.431171
 1 379 379 p_village_200 Malestroit 2114585 0 0 3 0 0 0 0 0 -84.580000 33.590000 -84.580000 33.590000 -84.580000 33.590000 0.0 0 
0.261800
 1 380 380 p_village_201 Aleth 2114585 0 0 3 0 0 0 0 0 -79.530000 66.040000 -79.530000 66.040000 -79.530000 66.040000 0.0 0 
4.293512
 1 381 381 p_village_202 Dinard 2114585 0 0 3 0 0 0 0 0 -86.390000 68.280000 -86.390000 68.280000 -86.390000 68.280000 0.0 0 
1.745330
 1 382 382 p_village_203 Roscoff 2114585 0 0 3 0 0 0 0 0 -131.680000 77.550000 -131.680000 77.550000 -131.680000 77.550000 0.0 0 
2.914701
 1 383 383 p_village_204 Carantec 2114585 0 0 3 0 0 0 0 0 -123.660000 74.160000 -123.660000 74.160000 -123.660000 74.160000 0.0 0 
2.565635
 1 384 384 p_village_205 Pont-l'Abbé 2114585 0 0 3 0 0 0 0 0 -138.410000 48.050000 -138.410000 48.050000 -138.410000 48.050000 0.0 0 
5.323257
 1 385 385 p_village_206 Audierne 2114585 0 0 3 0 0 0 0 0 -146.870000 49.950000 -146.870000 49.950000 -146.870000 49.950000 0.0 0 
5.602509
 1 386 386 p_village_207 Pont-Ivy 2114585 0 0 3 0 0 0 0 0 -105.690000 53.920000 -105.690000 53.920000 -105.690000 53.920000 0.0 0 
1.623157
 1 387 387 p_village_208 Loudéac 2114585 0 0 3 0 0 0 0 0 -98.830000 57.040000 -98.830000 57.040000 -98.830000 57.040000 0.0 0 
5.707229
 1 388 388 p_village_209 Trégueux 2114585 0 0 3 0 0 0 0 0 -94.910000 64.480000 -94.910000 64.480000 -94.910000 64.480000 0.0 0 
3.490660
 1 389 389 p_village_210 Lamballe 2114585 0 0 3 0 0 0 0 0 -90.770000 62.740000 -90.770000 62.740000 -90.770000 62.740000 0.0 0 
4.782204
 1 390 390 p_village_211 Saint-Renan 2114585 0 0 3 0 0 0 0 0 -145.470000 67.600000 -145.470000 67.600000 -145.470000 67.600000 0.0 0 
2.705262
 1 391 391 p_village_212 Guérande 2114585 0 0 3 0 0 0 0 0 -83.910000 14.320000 -83.910000 14.320000 -83.910000 14.320000 0.0 0 
6.265735
 1 392 392 p_village_213 Beaumanoir 2114585 0 0 3 0 0 0 0 0 -81.890000 59.780000 -81.890000 59.780000 -81.890000 59.780000 0.0 0 
4.101526
 1 393 393 p_village_214 Romagné 2114585 0 0 3 0 0 0 0 0 -59.160000 55.720000 -59.160000 55.720000 -59.160000 55.720000 0.0 0 
1.553344
 1 394 394 p_village_215 Rouge 2114585 0 0 3 0 0 0 0 0 -59.330000 30.980000 -59.330000 30.980000 -59.330000 30.980000 0.0 0 
0.977385
 1 395 395 p_village_216 Vallet 2114585 0 0 3 0 0 0 0 0 -66.970000 7.260000 -66.970000 7.260000 -66.970000 7.260000 0.0 0 
0.349066
 1 396 396 p_village_217 Hélléan 2114585 0 0 3 0 0 0 0 0 -83.920000 45.590000 -83.920000 45.590000 -83.920000 45.590000 0.0 0 
5.550149
 1 397 397 p_village_218 Landerneau 2114585 0 0 3 0 0 0 0 0 -137.280000 62.050000 -137.280000 62.050000 -137.280000 62.050000 0.0 0 
3.420847
 1 398 398 p_village_219 Lignol 2114585 0 0 3 0 0 0 0 0 -116.080000 51.370000 -116.080000 51.370000 -116.080000 51.370000 0.0 0 
1.884956
 1 399 399 p_village_220 Lannion 2114585 0 0 3 0 0 0 0 0 -110.450000 75.940000 -110.450000 75.940000 -110.450000 75.940000 0.0 0 
3.700100
 1 400 400 p_village_221 Telgruc 2114585 0 0 3 0 0 0 0 0 -140.220000 57.520000 -140.220000 57.520000 -140.220000 57.520000 0.0 0 
0.820305
 1 401 401 p_village_222 Saint-Renan 2114585 0 0 3 0 0 0 0 0 122.020000 -100.380000 122.020000 -100.380000 122.020000 -100.380000 0.0 0 
4.485498
 1 402 402 p_village_223 Kersaint 2114585 0 0 3 0 0 0 0 0 -139.160000 64.560000 -139.160000 64.560000 -139.160000 64.560000 0.0 0 
0.855212
 1 403 403 p_village_224 Paimpol 2114585 0 0 3 0 0 0 0 0 -102.630000 77.200000 -102.630000 77.200000 -102.630000 77.200000 0.0 0 
1.919863
 1 404 404 p_village_225 Miniac 2114585 0 0 3 0 0 0 0 0 -84.610000 64.800000 -84.610000 64.800000 -84.610000 64.800000 0.0 0 
1.256638
 1 405 405 p_village_226 Morlaix 2114585 0 0 3 0 0 0 0 0 -119.680000 72.230000 -119.680000 72.230000 -119.680000 72.230000 0.0 0 
4.118979
 1 406 406 p_village_227 Plouguerneau 2114585 0 0 3 0 0 0 0 0 -140.520000 74.120000 -140.520000 74.120000 -140.520000 74.120000 0.0 0 
0.296706
 1 407 407 p_village_228 Bieuzy 2114585 0 0 3 0 0 0 0 0 -107.670000 48.830000 -107.670000 48.830000 -107.670000 48.830000 0.0 0 
1.675517
 1 408 408 p_village_229 Languidic 2114585 0 0 3 0 0 0 0 0 -102.770000 42.970000 -102.770000 42.970000 -102.770000 42.970000 0.0 0 
5.166177
 1 409 409 p_village_230 Sarzeau 2114585 0 0 3 0 0 0 0 0 -92.300000 23.740000 -92.300000 23.740000 -92.300000 23.740000 0.0 0 
6.213375
 1 410 410 p_village_231 Combourg 2114585 0 0 3 0 0 0 0 0 -71.310000 58.280000 -71.310000 58.280000 -71.310000 58.280000 0.0 0 
2.687808
 1 411 411 p_village_232 Redon 2114585 0 0 3 0 0 0 0 0 -76.780000 27.590000 -76.780000 27.590000 -76.780000 27.590000 0.0 0 
6.126108
 1 412 412 p_village_233 Le_Faouët 2114585 0 0 3 0 0 0 0 0 -120.090000 49.010000 -120.090000 49.010000 -120.090000 49.010000 0.0 0 
0.436333
 1 413 413 p_salt_mine Salt_Mine 2114841 0 0 3 0 0 0 0 0 14.200000 -31.000000 14.200000 -31.000000 14.200000 -31.000000 0.0 0 
0.000000
 1 414 414 p_four_ways_inn Four_Ways_Inn 2114841 0 0 3 0 0 0 0 0 4.800000 -39.600000 4.800000 -39.600000 4.800000 -39.600000 0.0 0 
0.000000
 1 415 415 p_test_scene test_scene 2114841 0 0 3 0 0 0 0 0 10.800000 -19.600000 10.800000 -19.600000 10.800000 -19.600000 0.0 0 
0.000000
 1 416 416 p_battlefields battlefields 2114841 0 0 3 0 0 0 0 0 10.800000 -16.600000 10.800000 -16.600000 10.800000 -16.600000 0.0 0 
0.000000
 1 417 417 p_dhorak_keep Dhorak_Keep 2639126 0 0 3 0 0 0 0 0 -50.000000 -58.000000 -50.000000 -58.000000 -50.000000 -58.000000 0.0 0 
0.000000
 1 418 418 p_training_ground Training_Ground 2114865 0 0 3 0 0 0 0 0 65.000000 -105.000000 65.000000 -105.000000 65.000000 -105.000000 0.0 0 
0.000000
 1 419 419 p_training_ground_1 Training_Field 2118705 0 0 3 0 0 0 0 0 16.130000 -112.410000 16.130000 -112.410000 16.130000 -112.410000 0.0 0 
3.612833
 1 420 420 p_training_ground_2 Training_Field 2118705 0 0 3 0 0 0 0 0 -44.640000 -67.590000 -44.640000 -67.590000 -44.640000 -67.590000 0.0 0 
4.101526
 1 421 421 p_training_ground_3 Training_Field 2118705 0 0 3 0 0 0 0 0 15.840000 103.930000 15.840000 103.930000 15.840000 103.930000 0.0 0 
4.031712
 1 422 422 p_training_ground_4 Training_Field 2118705 0 0 3 0 0 0 0 0 134.970000 -100.440000 134.970000 -100.440000 134.970000 -100.440000 0.0 0 
1.553344
 1 423 423 p_training_ground_5 Training_Field 2118705 0 0 3 0 0 0 0 0 -23.960000 33.100000 -23.960000 33.100000 -23.960000 33.100000 0.0 0 
4.014259
 1 424 424 p_Bridge_1 {!}1 541746 0 0 3 0 0 0 0 0 28.640000 27.700000 28.640000 27.700000 28.640000 27.700000 0.0 0 
6.021389
 1 425 425 p_Bridge_2 {!}2 541746 0 0 3 0 0 0 0 0 110.960000 -124.520000 110.960000 -124.520000 110.960000 -124.520000 0.0 0 
1.169371
 1 426 426 p_Bridge_3 {!}3 541746 0 0 3 0 0 0 0 0 -0.210000 90.500000 -0.210000 90.500000 -0.210000 90.500000 0.0 0 
0.279253
 1 427 427 p_Bridge_4 {!}4 541746 0 0 3 0 0 0 0 0 -36.600000 -97.480000 -36.600000 -97.480000 -36.600000 -97.480000 0.0 0 
6.265735
 1 428 428 p_Bridge_5 {!}5 541746 0 0 3 0 0 0 0 0 40.760000 62.070000 40.760000 62.070000 40.760000 62.070000 0.0 0 
6.161015
 1 429 429 p_Bridge_6 {!}6 541746 0 0 3 0 0 0 0 0 -31.500000 0.710000 -31.500000 0.710000 -31.500000 0.710000 0.0 0 
5.986482
 1 430 430 p_Bridge_7 {!}7 541746 0 0 3 0 0 0 0 0 69.670000 -7.690000 69.670000 -7.690000 69.670000 -7.690000 0.0 0 
-1.117011
 1 431 431 p_Bridge_8 {!}8 541746 0 0 3 0 0 0 0 0 79.350000 41.270000 79.350000 41.270000 79.350000 41.270000 0.0 0 
4.991644
 1 432 432 p_Bridge_9 {!}9 541746 0 0 3 0 0 0 0 0 113.310000 -99.100000 113.310000 -99.100000 113.310000 -99.100000 0.0 0 
4.712391
 1 433 433 p_Bridge_10 {!}10 541746 0 0 3 0 0 0 0 0 -10.740000 4.210000 -10.740000 4.210000 -10.740000 4.210000 0.0 0 
0.314159
 1 434 434 p_Bridge_11 {!}11 541746 0 0 3 0 0 0 0 0 -21.080000 -144.280000 -21.080000 -144.280000 -21.080000 -144.280000 0.0 0 
1.099558
 1 435 435 p_Bridge_12 {!}12 541746 0 0 3 0 0 0 0 0 -14.590000 -8.940000 -14.590000 -8.940000 -14.590000 -8.940000 0.0 0 
5.183630
 1 436 436 p_Bridge_13 {!}13 541746 0 0 3 0 0 0 0 0 -73.440000 11.300000 -73.440000 11.300000 -73.440000 11.300000 0.0 0 
6.213375
 1 437 437 p_Bridge_14 {!}14 541746 0 0 3 0 0 0 0 0 -41.030000 -105.320000 -41.030000 -105.320000 -41.030000 -105.320000 0.0 0 
1.884956
 1 438 438 p_routier_bandit_spawn_point_1 the_plains 1280 0 0 2 0 0 0 0 0 80.000000 114.000000 80.000000 114.000000 80.000000 114.000000 0.0 1 188 15 0 0 
0.000000
 1 439 439 p_routier_bandit_spawn_point_2 the_plains 1280 0 0 2 0 0 0 0 0 25.000000 -130.000000 25.000000 -130.000000 25.000000 -130.000000 0.0 1 188 15 0 0 
0.000000
 1 440 440 p_flayer_bandit_spawn_point_1 the_plains 1280 0 0 2 0 0 0 0 0 -16.000000 -42.000000 -16.000000 -42.000000 -16.000000 -42.000000 0.0 1 188 15 0 0 
0.000000
 1 441 441 p_flayer_bandit_spawn_point_2 the_plains 1280 0 0 2 0 0 0 0 0 17.000000 11.000000 17.000000 11.000000 17.000000 11.000000 0.0 1 188 15 0 0 
0.000000
 1 442 442 p_retondeur_bandit_spawn_point_1 the_plains 1280 0 0 2 0 0 0 0 0 60.000000 80.000000 60.000000 80.000000 60.000000 80.000000 0.0 1 188 15 0 0 
0.000000
 1 443 443 p_retondeur_bandit_spawn_point_2 the_plains 1280 0 0 2 0 0 0 0 0 90.000000 0.000000 90.000000 0.000000 90.000000 0.000000 0.0 1 188 15 0 0 
0.000000
 1 444 444 p_tard_venus_bandit_spawn_point_1 the_plains 1280 0 0 2 0 0 0 0 0 100.000000 36.000000 100.000000 36.000000 100.000000 36.000000 0.0 1 188 15 0 0 
0.000000
 1 445 445 p_tard_venus_bandit_spawn_point_2 the_plains 1280 0 0 2 0 0 0 0 0 120.000000 -60.000000 120.000000 -60.000000 120.000000 -60.000000 0.0 1 188 15 0 0 
0.000000
 1 446 446 p_peasant_bandit_spawn_point_1 the_plains 1280 0 0 2 0 0 0 0 0 -50.000000 40.000000 -50.000000 40.000000 -50.000000 40.000000 0.0 1 188 15 0 0 
0.000000
 1 447 447 p_peasant_bandit_spawn_point_2 the_plains 1280 0 0 2 0 0 0 0 0 5.000000 45.000000 5.000000 45.000000 5.000000 45.000000 0.0 1 188 15 0 0 
0.000000
 1 448 448 p_spawn_points_end {!}last_spawn 1280 0 0 1 0 0 0 0 0 0.000000 0.000000 0.000000 0.000000 0.000000 0.000000 0.0 1 188 15 0 0 
0.000000
 1 449 449 p_warp_output {!}WARP_output_array 1280 0 0 1 0 0 0 0 0 0.000000 0.000000 0.000000 0.000000 0.000000 0.000000 0.0 0 
0.000000
 1 450 450 p_warp_temp {!}WARP_temp_array 1280 0 0 1 0 0 0 0 0 0.000000 0.000000 0.000000 0.000000 0.000000 0.000000 0.0 0 
0.000000
 1 451 451 p_reserved_1 {!}last_spawn_point 1280 0 0 1 0 0 0 0 0 0.000000 0.000000 0.000000 0.000000 0.000000 0.000000 0.0 1 188 15 0 0 
0.000000
 1 452 452 p_reserved_2 {!}last_spawn_point 1280 0 0 1 0 0 0 0 0 0.000000 0.000000 0.000000 0.000000 0.000000 0.000000 0.0 1 188 15 0 0 
0.000000
 1 453 453 p_reserved_3 {!}last_spawn_point 1280 0 0 1 0 0 0 0 0 0.000000 0.000000 0.000000 0.000000 0.000000 0.000000 0.0 1 188 15 0 0 
0.000000
 1 454 454 p_reserved_4 {!}last_spawn_point 1280 0 0 1 0 0 0 0 0 0.000000 0.000000 0.000000 0.000000 0.000000 0.000000 0.0 1 188 15 0 0 
0.000000
 1 455 455 p_reserved_5 {!}last_spawn_point 1280 0 0 1 0 0 0 0 0 0.000000 0.000000 0.000000 0.000000 0.000000 0.000000 0.0 1 188 15 0 0 
0.000000
 1 456 456 p_static_parties_end {!}reserved 1280 0 0 1 0 0 0 0 0 0.000000 0.000000 0.000000 0.000000 0.000000 0.000000 0.0 1 188 15 0 0 
0.000000
