62
tab_game_character_sheet 0 tableau_with_transparency 1024 1024 0 0 266 532 13 23 2 1224979098644774912 1 1985 1 4287137928 1987 3 10 11 15 2124 1 100 1989 5 0 40 40 0 100000 701 1 1 731 2 1 100 729 2 1 -20 730 2 1 -20 1980 5 1729382256910270493 1224979098644774912 1 0 0 731 2 1 200 1980 5 1729382256910270492 1224979098644774912 1 0 0 731 2 1 300 
tab_game_inventory_window 0 tableau_with_transparency 1024 1024 0 0 180 270 13 23 2 1224979098644774912 1 1985 1 4287137928 1987 3 10 11 15 2124 1 100 1989 5 0 40 40 0 100000 701 1 1 731 2 1 100 729 2 1 -20 730 2 1 -20 1980 5 1729382256910270495 1224979098644774912 1 0 0 731 2 1 200 1980 5 1729382256910270494 1224979098644774912 1 0 0 731 2 1 300 
tab_game_profile_window 0 tableau_with_transparency 1024 1024 0 0 320 480 21 23 2 1224979098644774912 1 2133 2 1224979098644774913 1224979098644774912 2109 2 1224979098644774913 2 4 0 31 2 1224979098644774913 0 2133 2 1224979098644774914 360287970189639681 5 0 2133 2 1224979098644774914 360287970189639682 3 0 1503 1 1224979098644774914 1985 1 4287137928 1987 3 10 11 15 2124 1 100 1989 5 0 40 40 0 100000 701 1 1 731 2 1 100 729 2 1 -20 730 2 1 -20 1980 5 1729382256910270497 1224979098644774914 1 0 0 731 2 1 200 1980 5 1729382256910270496 1224979098644774914 1 0 0 
tab_game_party_window 0 tableau_with_transparency 1024 1024 0 0 300 300 13 23 2 1224979098644774912 1 1985 1 4287137928 1987 3 10 11 15 2124 1 100 1989 5 0 40 40 0 100000 701 1 1 731 2 1 100 729 2 1 -20 730 2 1 -20 1980 5 1729382256910270499 1224979098644774912 1 0 0 731 2 1 200 1980 5 1729382256910270498 1224979098644774912 1 0 0 731 2 1 300 
tab_game_troop_label_banner 0 tableau_with_transparency 256 256 -128 0 128 256 7 23 2 1224979098644774912 1 1985 1 4287137928 2124 1 100 1989 5 0 100 100 0 100000 701 1 1 730 2 1 120 1992 4 1224979098644774912 1 120 0 
tab_heater_shield_heraldic 0 sample_shield_heater 512 512 0 0 0 0 10 23 2 1224979098644774912 1 2124 1 100 701 1 1 729 2 1 -55 730 2 1 142 1992 4 1224979098644774912 1 107 0 701 1 1 731 2 1 10 1992 4 1441151880758558915 1 0 0 1989 5 0 200 200 0 100000 
tab_heraldic_shield_leather 0 sample_shield_heraldic_leather 512 512 0 0 0 0 10 23 2 1224979098644774912 1 2124 1 100 701 1 1 729 2 1 -44 730 2 1 170 1992 4 1224979098644774912 1 140 0 701 1 1 731 2 1 10 1992 4 1441151880758558913 1 0 0 1989 5 0 200 200 0 100000 
tab_heraldic_shield_metal 0 sample_shield_heraldic_metal 512 512 0 0 0 0 10 23 2 1224979098644774912 1 2124 1 100 701 1 1 729 2 1 -44 730 2 1 170 1992 4 1224979098644774912 1 140 0 701 1 1 731 2 1 10 1992 4 1441151880758558914 1 0 0 1989 5 0 200 200 0 100000 
tab_heraldic_shield_bouche 0 sample_shield_bouche 512 512 0 0 0 0 10 23 2 1224979098644774912 1 2124 1 100 701 1 1 729 2 1 -28 730 2 1 150 1992 4 1224979098644774912 1 110 0 701 1 1 731 2 1 100 1992 4 1441151880758558912 1 0 0 1989 5 0 200 200 0 100000 
tab_heraldic_shield_pavise 0 sample_shield_pavise 512 512 0 0 0 0 10 23 2 1224979098644774912 1 2124 1 100 701 1 1 729 2 1 -49 730 2 1 115 1992 4 1224979098644774912 1 134 0 701 1 1 731 2 1 100 1992 4 1441151880758558910 1 0 0 1989 5 0 200 200 0 100000 
tab_heraldic_shield_pavise_native 0 sample_shield_pavise_native 512 512 0 0 0 0 10 23 2 1224979098644774912 1 2124 1 100 701 1 1 729 2 1 -53 730 2 1 120 1992 4 1224979098644774912 1 122 0 701 1 1 731 2 1 100 1992 4 1441151880758558911 1 0 0 1989 5 0 200 200 0 100000 
tab_heraldic_penon 0 tableau_heraldic_penon 256 512 0 0 0 0 10 23 2 1224979098644774912 1 2124 1 100 701 1 1 729 2 1 -25 730 2 1 200 1992 4 1224979098644774912 1 200 0 701 1 1 731 2 1 100 1992 4 1441151880758558918 1 0 0 1989 5 0 200 200 0 100000 
tab_heraldic_banner 0 tableau_heraldic_banner 256 512 0 0 0 0 10 23 2 1224979098644774912 1 2124 1 100 701 1 1 729 2 1 -25 730 2 1 200 1992 4 1224979098644774912 1 200 0 701 1 1 731 2 1 100 1992 4 1441151880758558919 1 0 0 1989 5 0 200 200 0 100000 
tab_heraldic_armor_a 0 sample_heraldic_armor_a 512 512 0 0 0 0 16 23 2 1224979098644774912 1 2124 1 100 2121 3 1224979098644774913 1224979098644774912 1441151880758559047 520 3 1224979098644774914 360287970189641268 1224979098644774913 1985 1 1224979098644774914 701 1 1 1993 5 1441151880758558916 1 200 100 1224979098644774914 701 1 1 731 2 1 50 729 2 1 -25 730 2 1 130 1992 4 1224979098644774912 1 103 0 701 1 1 731 2 1 100 1992 4 1441151880758558917 1 0 0 1989 5 0 200 200 0 100000 
tab_heraldic_churburg_13_tabard 0 sample_heraldic_churburg_13_tabard_banner 512 512 0 0 0 0 15 23 2 1224979098644774912 1 2124 1 100 2121 3 1224979098644774913 1224979098644774912 1441151880758559047 520 3 1224979098644774914 360287970189641268 1224979098644774913 1985 1 1224979098644774914 701 1 1 1993 5 1441151880758558916 1 200 100 1224979098644774914 701 1 1 729 2 1 9 730 2 1 145 1992 4 1224979098644774912 1 83 0 701 1 1 731 2 1 30 1992 4 1441151880758558920 1 0 0 1989 5 0 200 200 0 100000 
tab_heraldic_churburg_13_brass_tabard 0 sample_heraldic_churburg_13_brass_tabard_banner 512 512 0 0 0 0 15 23 2 1224979098644774912 1 2124 1 100 2121 3 1224979098644774913 1224979098644774912 1441151880758559047 520 3 1224979098644774914 360287970189641268 1224979098644774913 1985 1 1224979098644774914 701 1 1 1993 5 1441151880758558916 1 200 100 1224979098644774914 701 1 1 729 2 1 9 730 2 1 145 1992 4 1224979098644774912 1 83 0 701 1 1 731 2 1 30 1992 4 1441151880758558922 1 0 0 1989 5 0 200 200 0 100000 
tab_heraldic_brigandine_native 0 sample_heraldic_brigandine_native 1024 1024 0 0 0 0 15 23 2 1224979098644774912 1 2124 1 100 2121 3 1224979098644774913 1224979098644774912 1441151880758559047 520 3 1224979098644774914 360287970189641268 1224979098644774913 1985 1 1224979098644774914 701 1 1 1993 5 1441151880758558916 1 200 100 1224979098644774914 701 1 1 729 2 1 -59 730 2 1 130 1992 4 1224979098644774912 1 80 0 701 1 1 731 2 1 100 1992 4 1441151880758558924 1 0 0 1989 5 0 200 200 0 100000 
tab_heraldic_brigandine_narf 0 sample_heraldic_brigandine_narf 1024 1024 0 0 0 0 15 23 2 1224979098644774912 1 2124 1 100 2121 3 1224979098644774913 1224979098644774912 1441151880758559047 520 3 1224979098644774914 360287970189641268 1224979098644774913 1985 1 1224979098644774914 701 1 1 1993 5 1441151880758558916 1 200 100 1224979098644774914 701 1 1 729 2 1 48 730 2 1 90 1992 4 1224979098644774912 1 83 0 701 1 1 731 2 1 100 1992 4 1441151880758558925 1 0 0 1989 5 0 200 200 0 100000 
tab_heraldic_short_tunic_new 0 sample_heraldic_tunic_new 512 512 0 0 0 0 15 23 2 1224979098644774912 1 2124 1 100 2121 3 1224979098644774913 1224979098644774912 1441151880758559047 520 3 1224979098644774914 360287970189641268 1224979098644774913 1985 1 1224979098644774914 701 1 1 1993 5 1441151880758558916 1 200 100 1224979098644774914 701 1 1 729 2 1 32 730 2 1 115 1992 4 1224979098644774912 1 83 0 701 1 1 731 2 1 100 1992 4 1441151880758558926 1 0 0 1989 5 0 200 200 0 100000 
tab_heraldic_mail_tabard 0 sample_tabard_b_heraldic 512 512 0 0 0 0 15 23 2 1224979098644774912 1 2124 1 100 2121 3 1224979098644774913 1224979098644774912 1441151880758559047 520 3 1224979098644774914 360287970189641268 1224979098644774913 1985 1 1224979098644774914 701 1 1 1993 5 1441151880758558916 1 200 100 1224979098644774914 701 1 1 729 2 1 52 730 2 1 130 1992 4 1224979098644774912 1 83 0 701 1 1 731 2 1 100 1992 4 1441151880758558927 1 0 0 1989 5 0 200 200 0 100000 
tab_heraldic_tabard 0 sample_a_tabard_heraldic 512 512 0 0 0 0 15 23 2 1224979098644774912 1 2124 1 100 2121 3 1224979098644774913 1224979098644774912 1441151880758559047 520 3 1224979098644774914 360287970189641268 1224979098644774913 1985 1 1224979098644774914 701 1 1 1993 5 1441151880758558916 1 200 100 1224979098644774914 701 1 1 729 2 1 52 730 2 1 120 1992 4 1224979098644774912 1 81 0 701 1 1 731 2 1 100 1992 4 1441151880758558930 1 0 0 1989 5 0 200 200 0 100000 
tab_heraldic_plate 0 sample_heraldic_plate 1024 1024 0 0 0 0 15 23 2 1224979098644774912 1 2124 1 100 2121 3 1224979098644774913 1224979098644774912 1441151880758559047 520 3 1224979098644774914 360287970189641268 1224979098644774913 1985 1 1224979098644774914 701 1 1 1993 5 1441151880758558916 1 200 100 1224979098644774914 701 1 1 729 2 1 -8 730 2 1 1 1992 4 1224979098644774912 1 45 0 701 1 1 731 2 1 96 1992 4 1441151880758558928 1 0 0 1989 5 0 200 200 0 100000 
tab_heraldic_jupon 0 a_churburg_jupon_heraldic 1024 1024 0 0 0 0 15 23 2 1224979098644774912 1 2124 1 100 2121 3 1224979098644774913 1224979098644774912 1441151880758559047 520 3 1224979098644774914 360287970189641268 1224979098644774913 1985 1 1224979098644774914 701 1 1 1993 5 1441151880758558916 1 100 100 1224979098644774914 701 1 1 729 2 1 13 730 2 1 135 1992 4 1224979098644774912 1 81 0 701 1 1 731 2 1 100 1992 4 1441151880758558929 1 0 0 1989 5 0 200 200 0 100000 
tab_heraldic_plate_cuirass 0 sample_heraldic_plate_cuirass 2048 2048 0 0 0 0 14 23 2 1224979098644774912 1 2124 1 100 2121 3 1224979098644774913 1224979098644774912 1441151880758559047 520 3 1224979098644774914 360287970189641268 1224979098644774913 1985 1 1224979098644774914 701 1 1 701 1 1 729 2 1 48 730 2 1 125 1992 4 1224979098644774912 1 100 0 701 1 1 731 2 1 100 1992 4 1441151880758558931 1 0 0 1989 5 0 200 200 0 100000 
tab_heraldic_english_plate 0 sample_a_english_plate_heraldic 1024 1024 0 0 0 0 14 23 2 1224979098644774912 1 2124 1 100 2121 3 1224979098644774913 1224979098644774912 1441151880758559047 520 3 1224979098644774914 360287970189641268 1224979098644774913 1985 1 1224979098644774914 701 1 1 701 1 1 729 2 1 -53 730 2 1 115 1992 4 1224979098644774912 1 81 0 701 1 1 731 2 1 100 1992 4 1441151880758558932 1 0 0 1989 5 0 200 200 0 100000 
tab_heraldic_english_plate_mail 0 sample_a_english_plate_mail_heraldic 1024 1024 0 0 0 0 14 23 2 1224979098644774912 1 2124 1 100 2121 3 1224979098644774913 1224979098644774912 1441151880758559047 520 3 1224979098644774914 360287970189641268 1224979098644774913 1985 1 1224979098644774914 701 1 1 701 1 1 729 2 1 -53 730 2 1 115 1992 4 1224979098644774912 1 81 0 701 1 1 731 2 1 100 1992 4 1441151880758558933 1 0 0 1989 5 0 200 200 0 100000 
tab_troop_note_alpha_mask 0 mat_troop_portrait_mask 1024 1024 0 0 400 400 5 23 2 1224979098644774912 1 1985 1 8947848 1987 3 10 11 15 1984 0 1 2 936748722493063609 1224979098644774912 
tab_troop_note_color 0 mat_troop_portrait_color 1024 1024 0 0 400 400 4 23 2 1224979098644774912 1 1985 1 4291214228 1987 3 10 11 15 1 2 936748722493063609 1224979098644774912 
tab_troop_character_alpha_mask 0 mat_troop_portrait_mask 1024 1024 0 0 400 400 5 23 2 1224979098644774912 1 1985 1 8947848 1987 3 10 11 15 1984 0 1 2 936748722493063610 1224979098644774912 
tab_troop_character_color 0 mat_troop_portrait_color 1024 1024 0 0 400 400 4 23 2 1224979098644774912 1 1985 1 4292923313 1987 3 10 11 15 1 2 936748722493063610 1224979098644774912 
tab_troop_inventory_alpha_mask 0 mat_troop_portrait_mask 1024 1024 0 0 400 400 5 23 2 1224979098644774912 1 1985 1 8947848 1987 3 10 11 15 1984 0 1 2 936748722493063611 1224979098644774912 
tab_troop_inventory_color 0 mat_troop_portrait_color 1024 1024 0 0 400 400 4 23 2 1224979098644774912 1 1985 1 4285159482 1987 3 10 11 15 1 2 936748722493063611 1224979098644774912 
tab_troop_profile_alpha_mask 0 mat_troop_portrait_mask 1024 1024 0 0 400 400 11 23 2 1224979098644774912 1 1985 1 8947848 1987 3 10 11 15 1984 0 4 0 1073741855 2 1224979098644774912 360287970189639681 31 2 1224979098644774912 360287970189639682 1 2 936748722493063612 1224979098644774912 5 0 1 2 936748722493063613 1224979098644774912 3 0 
tab_troop_profile_color 0 mat_troop_portrait_color 1024 1024 0 0 400 400 10 23 2 1224979098644774912 1 1985 1 4294567848 1987 3 10 11 15 4 0 1073741855 2 1224979098644774912 360287970189639681 31 2 1224979098644774912 360287970189639682 1 2 936748722493063612 1224979098644774912 5 0 1 2 936748722493063613 1224979098644774912 3 0 
tab_troop_party_alpha_mask 0 mat_troop_portrait_mask 1024 1024 0 0 400 400 5 23 2 1224979098644774912 1 1985 1 8947848 1987 3 10 11 15 1984 0 1 2 936748722493063615 1224979098644774912 
tab_troop_party_color 0 mat_troop_portrait_color 1024 1024 0 0 400 400 4 23 2 1224979098644774912 1 1985 1 4290681970 1987 3 10 11 15 1 2 936748722493063615 1224979098644774912 
tab_troop_note_mesh 0 tableau_with_transparency 1024 1024 0 0 350 350 14 23 2 1224979098644774912 1 1985 1 4287137928 1987 3 10 11 15 2124 1 100 1989 5 0 40 40 0 100000 701 1 1 731 2 1 100 729 2 1 -20 730 2 1 -20 1980 5 1729382256910270491 1224979098644774912 1 0 0 731 2 1 200 1980 5 1729382256910270490 1224979098644774912 1 0 0 731 2 1 300 1992 4 1441151880758558772 1 0 0 
tab_center_note_mesh 0 tableau_with_transparency 1024 1024 0 0 200 200 31 23 2 1224979098644774912 1 2124 1 100 1985 1 8947848 1987 3 10 11 15 701 1 8 729 2 8 -210 730 2 8 200 731 2 8 300 1990 4 8 550 500 450 1989 5 1 10 10 10 10000 701 1 1 731 2 1 0 731 2 1 -500 701 1 1 730 2 1 -100 729 2 1 -100 731 2 1 100 725 2 1 200 1681 2 1224979098644774913 1224979098644774912 4 0 30 2 1224979098644774913 0 1994 3 1224979098644774913 1 0 3 0 701 1 5 729 2 5 -90 731 2 5 500 730 2 5 480 723 2 5 -90 725 2 5 180 723 2 5 -35 1988 1 5 
tab_faction_note_mesh_for_menu 0 pic_arms_swadian 1024 512 0 0 450 225 13 23 2 1224979098644774912 1 1985 1 4294967295 2124 1 100 4 0 33 3 1224979098644774912 432345564227567631 432345564227567635 2120 3 1224979098644774913 1441151880758558747 1224979098644774912 2106 2 1224979098644774913 432345564227567631 701 1 1 730 2 1 -5 729 2 1 -45 1992 4 1224979098644774913 1 0 0 1989 5 0 160 80 0 100000 3 0 
tab_faction_note_mesh 0 pic_arms_swadian 1024 512 0 0 500 250 12 23 2 1224979098644774912 1 1985 1 4294967295 2124 1 100 4 0 33 3 1224979098644774912 432345564227567631 432345564227567635 2120 3 1224979098644774913 1441151880758558747 1224979098644774912 2106 2 1224979098644774913 432345564227567631 701 1 1 730 2 1 -5 1992 4 1224979098644774913 1 0 0 1989 5 0 100 50 0 100000 3 0 
tab_faction_note_mesh_banner 0 tableau_with_transparency 1024 1024 0 0 200 200 15 23 2 1224979098644774912 1 2124 1 100 4 0 522 3 1224979098644774913 1224979098644774912 11 30 2 1224979098644774913 0 520 3 1224979098644774914 1224979098644774913 13 2120 3 1224979098644774915 1080863910568919396 1 33 3 1224979098644774914 1080863910568919284 1224979098644774915 2106 2 1224979098644774914 1080863910568919284 2120 3 1224979098644774916 1224979098644774914 1441151880758558934 701 1 1 730 2 1 100 1992 4 1224979098644774916 1 0 0 1989 5 0 210 210 0 100000 3 0 
tab_2_factions_mesh 0 tableau_with_transparency 1024 1024 0 0 200 200 33 23 2 1224979098644774912 1 2119 3 1224979098644774913 1224979098644774912 128 2108 2 1224979098644774912 128 2105 2 1224979098644774912 432345564227567630 2105 2 1224979098644774913 432345564227567630 2124 1 100 4 0 522 3 1224979098644774914 1224979098644774912 11 30 2 1224979098644774914 0 520 3 1224979098644774915 1224979098644774914 13 2120 3 1224979098644774916 1080863910568919396 1 33 3 1224979098644774915 1080863910568919284 1224979098644774916 2106 2 1224979098644774915 1080863910568919284 2120 3 1224979098644774917 1224979098644774915 1441151880758558934 701 1 1 729 2 1 -50 730 2 1 100 1992 4 1224979098644774917 1 0 0 3 0 4 0 522 3 1224979098644774914 1224979098644774913 11 30 2 1224979098644774914 0 520 3 1224979098644774915 1224979098644774914 13 2120 3 1224979098644774916 1080863910568919396 1 33 3 1224979098644774915 1080863910568919284 1224979098644774916 2106 2 1224979098644774915 1080863910568919284 2120 3 1224979098644774917 1224979098644774915 1441151880758558934 701 1 1 729 2 1 50 730 2 1 100 1992 4 1224979098644774917 1 0 0 3 0 1989 5 0 210 210 0 100000 
tab_color_picker 0 missiles 32 32 0 0 0 0 9 23 2 1224979098644774912 1 2124 1 100 701 1 1 1992 4 1441151880758558830 1 0 0 722 2 1 1 720 2 1 -2 721 2 1 -2 1993 5 1441151880758558776 1 200 0 1224979098644774912 1989 5 0 20 20 0 100000 
tab_custom_banner_square_no_mesh 0 missiles 512 512 0 0 300 300 4 23 2 1224979098644774912 1 2124 1 100 1 11 936748722493063668 1224979098644774912 0 0 10000 10000 9800 9800 10000 10000 0 1989 5 0 100 100 0 100000 
tab_custom_banner_default 0 missiles 512 256 0 0 0 0 7 23 2 1224979098644774912 1 2124 1 100 1 11 936748722493063668 1224979098644774912 -9 -2 7450 19400 7200 18000 9000 10000 0 701 1 1 731 2 1 10 1992 4 1441151880758558906 1 0 0 1989 5 0 100 200 0 100000 
tab_custom_banner_tall 0 missiles 512 256 0 0 0 0 7 23 2 1224979098644774912 1 2124 1 100 1 11 936748722493063668 1224979098644774912 -9 12 8250 18000 8000 21000 10000 10000 0 701 1 1 731 2 1 10 1992 4 1441151880758558906 1 0 0 1989 5 0 100 200 0 100000 
tab_custom_banner_square 0 missiles 256 256 0 0 0 0 7 23 2 1224979098644774912 1 2124 1 100 1 11 936748722493063668 1224979098644774912 -11 10 7700 7700 7500 7500 8300 10000 0 701 1 1 731 2 1 10 1992 4 1441151880758558907 1 0 0 1989 5 0 100 100 0 100000 
tab_custom_banner_short 0 missiles 256 512 0 0 0 0 7 23 2 1224979098644774912 1 2124 1 100 1 11 936748722493063668 1224979098644774912 -10 0 8050 5000 4200 4800 6600 10000 0 701 1 1 731 2 1 10 1992 4 1441151880758558909 1 0 0 1989 5 0 100 50 0 100000 
tab_background_selection 0 missiles 512 512 0 0 100 100 7 23 2 1224979098644774912 1 520 3 1224979098644774913 360287970189639680 91 500 3 360287970189639680 91 1224979098644774912 2124 1 100 1 11 936748722493063668 360287970189639680 0 0 10000 10000 9800 9800 10000 10000 0 1989 5 0 100 100 0 100000 500 3 360287970189639680 91 1224979098644774913 
tab_positioning_selection 0 missiles 512 512 0 0 100 100 7 23 2 1224979098644774912 1 520 3 1224979098644774913 360287970189639680 98 500 3 360287970189639680 98 1224979098644774912 2124 1 100 1 11 936748722493063668 360287970189639680 0 0 10000 10000 9800 9800 10000 10000 0 1989 5 0 100 100 0 100000 500 3 360287970189639680 98 1224979098644774913 
tab_retired_troop_alpha_mask 0 mat_troop_portrait_mask 2048 2048 0 0 600 600 5 23 2 1224979098644774912 1 1985 1 8947848 1987 3 10 11 15 1984 0 1 2 936748722493063614 1224979098644774912 
tab_retired_troop_color 0 mat_troop_portrait_color 2048 2048 0 0 600 600 4 23 2 1224979098644774912 1 1985 1 4293383065 1987 3 10 11 15 1 2 936748722493063614 1224979098644774912 
tab_retirement_troop 0 tableau_with_transparency 2048 2048 0 0 600 600 12 23 2 1224979098644774912 1 1985 1 4287137928 1987 3 10 11 15 2124 1 100 1989 5 0 40 40 0 100000 701 1 1 731 2 1 100 729 2 1 -20 730 2 1 -20 1980 5 1729382256910270515 1224979098644774912 1 0 0 731 2 1 200 1980 5 1729382256910270514 1224979098644774912 1 0 0 
tab_coop_companion_select_alpha_mask 0 mat_troop_portrait_mask 1024 1024 0 0 600 600 10 23 2 1224979098644774912 1 1985 1 8947848 1987 3 10 11 15 1984 0 4 0 31 2 1224979098644774912 -1 1 2 936748722493063962 1224979098644774912 5 0 1 2 936748722493063963 1224979098644774912 3 0 
tab_coop_companion_select_color 0 mat_troop_portrait_color 1024 1024 0 0 600 600 11 23 2 1224979098644774912 1 1985 1 1140850688 1987 3 10 11 15 4 0 31 2 1224979098644774912 -1 1 2 936748722493063962 1224979098644774912 1985 1 1140850688 5 0 1 2 936748722493063963 1224979098644774912 1985 1 1140850688 3 0 
tab_coop_companion_select_0 0 tableau_with_transparency 1024 1024 0 0 300 300 12 23 2 1224979098644774912 1 1985 1 8947848 1987 3 10 11 15 2124 1 100 1989 5 0 40 40 0 100000 701 1 1 731 2 1 100 729 2 1 -20 730 2 1 -20 1980 5 1729382256910270518 1224979098644774912 1 0 0 731 2 1 200 1980 5 1729382256910270517 1224979098644774912 1 0 0 
tab_dplmc_lord_profile 0 tableau_with_transparency 1024 1024 0 0 320 480 12 23 2 1224979098644774912 1 1985 1 4287137928 1987 3 10 11 15 2124 1 100 1989 5 0 40 40 0 100000 701 1 1 731 2 1 100 729 2 1 -20 730 2 1 -20 1980 5 1729382256910270497 1224979098644774912 1 0 0 731 2 1 200 1980 5 1729382256910270496 1224979098644774912 1 0 0 
tab_troop_tree_pic 0 tableau_with_transparency 1024 1024 0 0 700 800 4 23 2 1224979098644774912 1 1985 1 8947848 1987 3 10 11 15 1 2 936748722493063615 1224979098644774912 
tab_troop_detail_dummy_pic 0 tableau_with_transparency 1024 1024 0 0 700 800 4 23 2 1224979098644774912 1 1985 1 8947848 1987 3 10 11 15 1 2 936748722493063992 1224979098644774912 
tab_custom_armor_window 0 tableau_with_transparency 1024 1024 0 0 240 400 13 23 2 1224979098644774912 1 1985 1 4287137928 1987 3 15 14 13 2124 1 100 1989 5 0 40 40 0 100000 701 1 1 731 2 1 100 729 2 1 -20 730 2 1 -20 1980 5 1729382256910270525 1224979098644774912 1 0 0 731 2 1 200 1980 5 1729382256910270524 1224979098644774912 1 0 0 731 2 1 300 
tab_custom_armor_alpha_mask 0 mat_troop_portrait_mask 1024 1024 0 0 400 400 5 23 2 1224979098644774912 1 1985 1 8947848 1987 3 15 14 13 1984 0 1 2 936748722493063993 1224979098644774912 
tab_custom_armor_color 0 mat_troop_portrait_color 1024 1024 0 0 400 400 4 23 2 1224979098644774912 1 1985 1 4287137928 1987 3 15 14 13 1 2 936748722493063993 1224979098644774912 
